-813753918
628362632
434843406
-37458550
-576630252
696964053
-20541221
-192409182
-982536556
785372831
141221235
300536220
90979775
-304471967
-791155352
122554331
-586018778
387129367
802926846
-706070128
716318906
-449399593
462352162
778463679
-609561342
-458114066
-999318837
-487837006
-496951357
-643499546
-374072948
847391619
-719296540
900685947
103880881
-500324719
393509367
-29879783
-32699908
560115833
102455674
178465675
-729288591
-397689315
666379178
625227468
-67702851
712440006
509281790
237746426
-337041340
-412030362
955769415
-703435416
-196187146
-307963294
939253714
-173152595
337893374
663985558
584267691
-126340619
-268065997
432796049
476063379
-178818632
-779182790
928747770
832506853
-873885611
657079179
-896067150
484867948
-878350223
13198509
-780823243
-834374055
-387010515
837435750
-785822593
-500680933
-124393926
-498389244
-473079264
497499308
-566735609
-35738592
-307903361
520599474
519396782
543192376
229164858
551703529
862784790
338582300
-958918477
-913275146
-736863096
-616346050
314757870
29967771
879102681
639133214
613950206
148378278
669415266
-106071554
258511313
785172746
741987345
-794859889
808261221
-890998779
518232136
-418690147
-119373386
976202911
-910282380
-930608066
898650953
59366611
677813217
416950017
-450858105
-753772821
687692742
464635272
-247254634
-122199417
750531208
-188090317
324602661
893958285
-198820899
-521255413
-780000971
-364066043
-395980849
-648833955
-27408850
751595207
-349537243
-444505738
328440588
-939051579
-288755232
647082237
-648278602
149620961
-996334611
25766511
336731048
616977965
913166949
117204880
-212329161
-466666547
613452135
678459375
-745936107
198498271
309865652
-741348980
604208494
-830912784
-147585810
75215871
133347159
34191138
195413294
499834236
543668528
455813425
-646200798
-419075236
-848935456
-797084216
494207807
159167948
-955319548
-671699221
624890767
-801502040
-598228891
182715583
-355280367
-539217379
910501670
584611672
580297749
-140482475
84020390
68650221
395455118
-755400346
-485433325
235994807
602759498
-467000081
-907528496
-659125155
210024015
21508991
662750705
956837272
2662029
114756261
775412071
62764686
-56657861
-498677806
-531961965
-329232268
26949297
453123415
698745222
702873634
-635615509
441531669
900361178
520210486
951624705
282446018
-883455145
-662275777
669328739
-852649812
-343371625
-402355232
-779831635
-178660464
-995120142
-854702484
838614232
-585834581
850145340
-268577812
-765012618
-666323131
21674856
65282905
-418497912
-248667657
-905281795
-295788387
914166122
-441090188
578757102
734572177
458164917
521671638
-533807423
133207155
-322896489
-2834753
835073440
531798928
-820296389
790580621
729816458
507597383
958048837
580023987
-346231477
949064319
-694932884
718939271
747696263
-253579027
280756199
151997893
82235622
583883975
-756476969
967211109
465966275
-271246359
-425999379
-20234378
-504668936
-266452361
-617380108
20997938
354290683
887505743
-502128235
-290103462
958277331
92033587
139043233
752270784
-812561808
-829638881
841122814
-684417314
-12362588
-366689094
-514978005
54734500
-770239806
973243367
645643087
-865466414
-761117062
-781735512
-244788107
-420365203
-718441720
628616611
491657245
-120423877
739310551
-91698887
-381390838
277263623
-692645132
-570724623
422420761
-21159044
734448996
-543605943
-118608192
809331071
663062386
147134371
386577590
516345384
547421223
-525344307
-228976802
-840556072
402096683
-374401461
-199801587
-900203047
-861341053
799229694
459900423
-203767473
-314775474
692543604
-967139036
134614581
935428614
-244144137
-283444461
305656278
-214258022
-696026272
819034595
-106657803
734128044
750986247
309988016
473049327
952457386
-343173788
309851232
547092884
567002791
-175994299
-224308261
334512366
330659497
-569055011
-168463515
790747939
-935791932
-757328152
-654072403
-316473737
173759138
377066205
37406984
-396727073
907404336
755516026
520883714
-496917551
316130420
908128026
-143577881
-132878180
-865520163
-859200873
-402050723
874459234
-311471692
-133322535
-76866002
-920201805
-847851854
-144711680
381668132
-721588794
-75835732
504996138
975732493
814186326
-759282326
-402445343
-6144745
-442449259
846667300
-380947724
253765075
503204046
-117366000
610477942
-328119258
-339817509
-906976725
-945208107
879108050
-106639364
-103098034
765921141
139408064
-112925604
286550828
472225126
808063892
243077795
-765391742
21378379
758314987
-807242328
655923677
320344411
495733060
896237571
-297801594
-789905624
361162050
-169541377
430862255
-270233881
439235954
-60260403
-651410152
-434479696
-774479652
-682648419
-87132196
530897981
832729618
-811496505
-229325419
-955017287
-363597153
-331828916
153276445
-475174561
-497316965
-38655227
-199774862
-237648464
-207495840
315855723
236671923
774210896
-561979305
-682760446
888111943
537993598
962150635
-435612062
97120541
442236463
305416352
185757411
177705741
-575145019
756680252
545301476
-475721635
510274161
-951285981
-675093832
-773425055
742463778
9704385
578616111
878215482
-902374872
89489695
-102152516
-384323394
6322026
90884505
844732488
-319950472
-655478720
-171491673
-59040110
140326342
-73696530
150193623
-602553535
397798177
128148414
180236424
649207674
717063097
351946612
-746956097
-445552383
231951410
206205141
-16298372
-841880882
26071302
-49884474
655328003
-199471949
849745115
-737993132
-605280235
202971151
-244401001
149482039
848875111
-393683892
-270281145
943126159
465982367
211110314
703803118
645847681
274435295
712247079
-116137792
-322067100
26005635
-637677499
757543632
-143484788
237681298
-574904910
90950664
630283312
-874996988
-431990309
649000087
-993446058
755149323
374544538
-829202499
836531931
8957928
-94455028
350128182
-983563633
-271249301
-855030143
522135872
596894332
446616581
217524364
-916586933
-124807608
379906187
321184313
-399338691
-25608016
-31820919
-330658
405311327
-928200396
350203969
443219722
-592955950
950039359
-719182309
-494014686
711237354
-634843750
21753068
742172990
93798208
273934793
-39724245
491964337
105660960
-763503585
381115592
34889290
562368924
253018340
263614217
-676504366
740165361
-634150382
-667366214
-243905442
660307720
-369541463
229796738
-478456012
624719128
234450351
-744774312
-80681624
-361269560
-815578890
229488562
-164341198
-559998355
277031117
150342621
-273603421
-665607220
129812117
-662179186
604503612
592826720
830284447
-53011230
-787978148
-841186653
-537972041
480559778
307101383
-430652563
250004376
41923791
-84019083
26589877
-89733883
174281436
-273019215
224964300
-730407090
-713070633
411380402
-656978959
-906581127
-539701164
970396377
749109763
280232975
570645608
673935750
-597931183
-47411247
193212311
-696136050
971869492
-567868877
-40059777
389574112
174953007
-570932867
227245566
164590871
924875359
466040938
266879362
-32932475
911686436
115484954
777623998
57142974
12319747
530394643
385153680
636211629
158911090
367386705
146906610
-791396212
-144668318
-567790789
674926392
-351001852
-223416172
-877379844
-193298062
-488945310
874827074
-804538516
685759912
-453388020
-210615685
-914244570
-317562307
-791178139
-121827497
618041192
788211860
158715071
944976491
808950172
-332651825
-598459907
164041303
-515384447
-993889358
-417500726
452222332
-471653722
-867084176
317584075
-753359245
354930138
770671958
-817347143
-320380180
-221700988
151598361
539166884
137286469
633471813
834289245
349675106
602508459
775964080
-403818290
-510495901
421017552
-268336269
712024087
158117851
-755261665
865411462
291334857
941381943
377945847
-460765882
-419585892
-921983513
-471508281
167660433
-389103651
663607641
-51839647
860966462
905031160
100996940
175914935
-596036472
954209802
106774650
827140603
-560386687
948633735
-274328552
-27229193
-364412316
152046632
538355580
-715173622
845544454
370740080
-964332072
162910656
-4330133
-932990758
613575204
-407714548
358684021
970953633
-839621350
348603173
-680416840
137066283
397533531
426978298
344390761
-660644077
61110191
-101727406
-232810031
463545706
334083204
541953033
404444906
-113944624
-324367587
775346236
486257497
-169782915
438734927
287108574
-401845824
-145386047
-701222714
204142495
-379082658
-21070387
458563491
-212375779
-241207997
-141971949
721270659
522562548
-83839875
833306418
279578001
391754749
-27523947
986413104
478635064
300958772
657486497
-632900517
482325890
-756046898
-873937924
-762185500
894061748
530227763
543923647
623127659
827756564
285459098
-706121393
-767099613
-121654069
694902800
815251362
676140773
-858491323
486068084
-339602909
-917418818
617324873
19811028
322936779
149211760
146259800
-385040118
728282206
719113252
130070257
475370054
887694469
-216764410
195634243
-940791416
513576813
-171323375
194172857
768681823
-335044711
592885451
-475203065
-214315004
-322063481
-565440956
-946832848
-71135591
-184175746
-121553196
-306647716
690490736
54485579
812159839
546025170
977840521
-83908738
473358851
-701556138
940187641
676698945
-988524134
-719753080
-162421697
685623733
179475501
25084066
-404128468
816394749
522113798
17109868
-280590178
-444904667
148129387
517986153
587513158
422495858
-596528936
288877844
350331684
-334545820
-287141161
-64139449
781763953
-37704475
-6540611
223435233
-334825363
-366524501
-945186169
-921347884
923229681
-691049030
-529683774
-137065716
590269551
-766599454
303548380
-986537459
-142584484
-643394325
774654110
-612679759
120464829
-730225555
855204665
462759650
925640663
-680273706
131313541
-954135146
-355306758
-560382206
394486699
-715843367
-190246016
-917502266
927994702
212547795
-892952939
-544414305
134566409
-737248683
353466018
-986029052
-582161612
347923197
-625793623
791247412
665138427
820897865
-698188687
675287599
-992481297
625702791
-460733736
-913009056
403625357
-564640259
635031022
383555903
-77116834
714139408
-803753205
229107930
-965230552
722178603
650794711
-464604351
948422302
307649855
968546802
906753831
-184044195
657948773
-279239775
-422806543
-379592546
-192710138
168665499
-750586183
949757703
328356013
-20120975
-967688849
260956151
-507757415
-974370278
-94537045
-655969258
762245180
430040280
933530582
712978629
267601492
-662494425
66003271
618735429
-938285699
-10353375
-535644540
-193576652
-176016905
213949205
-248693789
-751732425
75010502
565030120
545439749
-441899128
-679161748
-947821974
-30333383
294571153
-74845183
473054428
