-517527913
335889971
-842378607
-382986069
-959941045
437178623
-191350888
610147278
-581690095
-633181209
-375817020
240853778
743507091
344728717
850947951
692440979
920135985
641858143
-721419657
-957153989
146378374
-238290595
-435061033
245911633
-93867372
-367788296
-772381726
-932918744
-460404341
869903126
-532819685
410564343
-653808581
-586342605
-55544909
-738892087
-777321709
-560247391
-681864800
-648920181
889706453
-641680657
484666454
-542378429
-171354152
723759976
882300196
-883200672
910831865
163911347
-113152722
191739436
319853343
970435331
635616093
55869546
997887458
661610458
-274195765
-421349896
706390111
942216814
-769235907
256448339
741264644
-161856141
333325946
782908717
-837947469
-556288311
-209472885
588583939
141618122
-605137334
480085770
-917936905
-157766278
-754234849
104302032
-273907606
-18412884
288691571
962803090
290234479
398136836
-966330898
-838111475
944594856
918997279
494041703
192770763
937613420
763269815
357650837
62294347
204843684
7244457
-573558410
517951368
278400487
-697269747
907385191
177455429
-537795467
35263468
-901152355
-713907451
586350293
605430314
917314245
154714198
-219812909
582768839
572732806
-289546320
181899119
965314053
388068031
-576143239
368922692
498044585
-980999062
157363892
-983421012
580812827
-904533261
-816906504
495449750
-529120689
164840411
194618013
802483931
940145066
382906859
225456387
298865599
-662291879
220526214
167541627
-96597866
-474982578
-48738792
623064533
714332035
830652843
-217457274
-379282852
897201886
-770785384
66824566
-58601559
527108792
328420698
-975553077
828611755
-695974786
614753850
-326271746
-895734602
953618018
659401447
846399677
774399246
876085426
370354112
-615067126
402222646
227858359
808936018
-416091110
-268154883
-909599347
647500168
600796371
-513870881
-141091386
-669425775
-67750399
-275689803
-221806027
51390432
-616728529
173314954
298824281
279630669
-355741400
149879182
-220856475
611357785
-25297116
-279099672
-462887538
547825923
702092310
650663454
846810117
360620715
-10521368
-375130158
589660161
853647102
69151050
-17582354
-113361479
-283315724
225458086
-801898591
-884137933
-847364134
-653989589
852494412
-959423327
225169152
119247432
482128340
-920983449
735960680
-758343113
-429049642
344180613
401805223
920707173
606105845
-587158577
-334407735
269374651
46469361
850258849
-67026303
334812233
-463577278
552916219
-473544881
121571974
41061452
-362643609
32057966
-349575989
130074316
168338002
-586967135
91892158
742623204
827211013
357316943
-70858912
686345621
-21710459
997082308
-921134836
404095294
442604662
-22185239
-223221252
113035497
535630609
250905957
-18773897
-693618597
854280489
349143166
-940797391
-376112127
-758810884
857768527
330135138
-488062643
336153995
-603346603
-903716156
-793632823
996964997
-468988807
-280378745
-860679211
856198780
787248668
-787736833
538597650
304884879
-363315125
-285574595
541248854
-833370031
511141373
365741880
634651751
-173238991
-845116780
-329158080
178596099
-127029860
605887716
-253641235
940608290
-212141603
-644590919
-694660705
-806846684
492451058
-739503626
299045108
-451173291
-995256694
558987628
202764127
-147311959
-257987830
969152163
502727814
-890929091
-296524404
-699770837
-525662178
-46179577
752652569
-193390074
761098197
-783156700
-513559540
-463087229
-848833829
-368802504
-532778544
794033510
964241937
-762473930
29644260
-802795068
-802854955
-845842995
904023294
794175360
-186811652
-359862158
716262988
839037282
655838941
-27434490
178198229
66771153
-988513654
-243249627
-41682690
776823853
279933210
-866215157
-345054679
42920139
302130466
-130771678
-400500616
-62741874
280375618
-314678996
-180137297
-984945890
947763163
-415160567
997780535
832023240
280316894
171958054
-442624193
-317408014
631395520
-17871742
503811837
-88088007
407273354
-1356450
-580490221
-59934167
-277352692
-429372287
-631907060
-641933672
-84476623
968768805
764716293
229694111
-759857298
-581489791
564961896
183392054
-24076204
585239540
-9650220
-429197461
-729972666
-70577461
-683814631
-923337153
632942404
-410681681
-937361825
-47613923
-501894683
952590254
-668041370
-697613832
-134356125
957777124
970295527
-288544768
666576592
814635717
-116756966
-174131712
-781420185
-231136246
-903997359
469824343
-86796290
-665610442
424285889
-863574896
-115013225
-705131836
-265377695
924535969
450691349
-173868561
968114668
474171325
-147101685
944720925
-350735872
-296814122
933004464
-865507095
-226220696
831007410
-544682769
616809164
847932791
363874729
439195803
120332903
-94565749
79213305
135890112
309697647
716414129
28473876
-509887435
657751143
640307632
-418879347
-476476207
-839426692
376098578
998697484
374328042
-293863916
-861610794
481893943
-788518619
-312156944
972435812
-48746200
-369932054
701796477
-58580816
-119215286
175766502
666337400
-342528720
670111449
-894692669
167966742
922193983
316824839
344896713
-967505216
-662494473
558270577
-337093571
973848491
505924283
-913806515
-83324344
300752112
919911984
-476297482
941780253
-717567029
-323886726
-137861287
762623551
-883061179
-116257953
-25398322
-778174100
436557100
374738066
-469174185
-617437246
74481491
-944802416
161605928
27230701
943775466
-164395386
655192857
-55410200
-396561441
602702120
705194387
456740772
-950982290
-590324759
-79196421
225239029
433455656
-605979444
-185455920
-151588263
909579416
153740184
188674552
375354085
725245657
-257619728
541447387
280320969
-578206209
-94506469
-129112304
-94395488
178738353
23516582
-825591763
-727252877
337311755
-927161220
-978507571
-773491609
599929218
944125722
752869772
250568556
855576182
-392036471
-654799042
-335567653
-990454677
-652705586
485485471
-728239229
385995085
959069956
88085599
-942062511
-522340908
-779200747
-199999148
144529819
23107605
203204873
-525431862
-619603909
-304948983
-554124768
-831909941
-115810436
2005435
431596396
-206574535
605086150
-235065140
936243274
587635165
879108822
797356837
965138767
333872947
213810614
841142945
-151037607
-583212623
223554007
637225264
-721589977
457684934
-222814022
-801879080
191182657
-885923954
760760849
-662653654
-416703829
-684561984
335492827
255154507
-59333722
-985335824
-480135246
748865329
719852882
-814070519
326134082
289590157
-413209980
434060257
-387590572
-284391389
-801818913
738361590
262255879
636443677
417736362
-490265687
237137677
-655312318
-829973313
-26377687
-878098884
303620625
213429135
-78884455
92536182
326842058
185590166
932026008
-217667728
-282225650
291810032
-223454101
338976654
127013394
251394566
724202698
-597201174
604410751
-206468768
-272094652
932151156
766056170
-650499937
-854823089
270835507
-912955925
313566850
-350309392
534246826
695229404
417729061
-714331133
427240789
836673072
327609675
-833818584
-444222638
474497133
-181212720
308937546
-992014563
866676167
-666883007
-934680883
526890100
717214299
-902537849
282724179
-58338983
376577540
371013054
950397995
770816566
352492254
-318363101
-481184936
-477776358
-135696043
619563052
-629406663
-500232926
-105196568
-118198350
-553368871
622746355
364047488
-500744630
-764121643
485705571
-426965657
-630907471
714780902
620750647
200935399
-947320987
-237677045
486680327
955386496
-204185772
-638205378
-757184316
507504543
-482430132
-251172802
97812179
-254791758
224224772
475648416
309477999
77135916
206457016
-464017511
-973696069
642942505
384272929
366559096
-962494571
-847929457
973656406
-523940468
173214334
640867680
-936130399
569529216
366008801
746935129
6584939
-555865899
307847462
810747199
-859925764
666407763
-976754422
-923296934
162598192
288106398
-78471283
790506056
-23884888
334378829
263607557
534175650
532257075
-786348376
-664815537
793939789
896945480
-662248445
-518593504
259885919
29259439
707877553
367865721
413126827
261590592
502944569
440349163
216257476
-436922676
425773961
75503352
204068677
-385559039
160541194
-85068782
-445885958
745745687
462176279
371738626
654532412
780554538
730699796
322228740
-369351961
809085393
612432072
-175800226
-565595905
-93292894
-901186072
-92939076
954422520
-356104848
120206577
-919212299
564312630
631206753
438806023
417047445
-221558738
-604463990
157732622
873755745
-489014013
-298244762
646778064
-431159644
875055445
-187084925
821443680
499930402
-238447435
821426979
-689260453
-939879111
-147358415
-953755692
466204796
-191222455
805427470
196959622
-416056404
-877637649
959992460
-838389333
-437643547
-76276160
-495708519
-461802232
39653432
450589602
468221095
-769203172
-959682583
-736996026
-371385961
-237546455
-406872251
476630996
766883555
-543621061
927541590
250383997
-328044876
422839398
49495338
113611194
-259367510
154592045
-463808412
-820373968
-524306178
-603466696
-576679537
811092802
369243381
-649352033
-923753912
184905510
536035636
493750364
370453734
-561597205
-81950289
357636432
592217172
70267058
91150331
-539672259
-532181635
582434761
-327687691
709706499
-271009285
-569026739
-920556349
82184606
-324656937
523983337
-144966511
-648782056
-92426599
-519486113
754182526
-369936659
814465418
-632410413
343717746
-863276770
138080890
-150461521
365090594
-71890677
-480759638
-152793693
-240512808
620461587
-530709626
-691586770
-659207086
-329738484
599678058
346566003
844165786
-144125472
-73161713
283212630
30311261
-851786379
-961101157
-928239496
-926325795
946051551
884371247
322497547
-94137759
-99246551
287253254
673973410
676395651
185381869
359029823
-294227479
242927280
-866709906
-193575951
-250087205
-460099646
658579803
-271474826
-955251395
794588993
525117829
961008646
-342112234
463946978
-617374688
-475628287
-477870551
926432407
-500229073
18072398
516277460
-340332025
-770041945
891129447
-472769334
-91895699
640194749
636200757
165508624
-174431918
110895305
252091128
140707162
-859392487
-80518991
-21775347
989760920
-171955531
956733075
211975501
579871121
821036912
-402791729
-325652429
-407986729
864945848
205447720
56240847
-325369862
132754542
445808592
-673253968
853031279
526025719
-972534172
277033540
228297083
-163963515
56981128
807707478
-331483865
-419492837
152558884
98534184
355748945
50690620
-890885168
887234856
-833180195
-96198860
43302218
-755343021
-226321144
873398018
183865380
733320995
-815801892
-76153120
-656834181
-524757450
492637888
946075761
-818204191
-973114755
-285702873
335779206
635442780
865012253
-600165527
-38150515
-642623608
-913567003
789026222
987432343
610156759
487556460
969860102
347904004
661135865
-78782521
-888252521
932241614
840672343
-953591323
781537518
858383726
-679233864
-959658617
606622070
570361710
841634054
-116771874
-141698554
-523144661
-326100286
-15114092
111685512
634051094
523850637
212512519
844962699
-265674278
627568018
485170475
885855284
48559093
-568299971
645347262
-263537600
-600881491
538622153
-440760665
197151956
-484599146
-942180456
-648720534
-789225679
178028850
-797509658
-509227946
515096495
866669276
612500815
810891731
-141272364
-378313863
-697628560
794782760
984665178
253165106
566054690
-459975120
-724903968
308594916
267904609
270416302
439456763
-923593951
-293854191
-317729408
-390509615
278896315
-598267794
-905665281
133124117
707935145
228373554
-778024456
-14044558
697303948
669875799
-341418939
-658897375
-839744548
747496443
-352298745
-455452774
460267699
939816029
-471790719
-336810650
727030326
267254532
-478189164
-677870573
-902742372
-911422977
373849555
710334273
656863964
-638376377
696752450
-734762534
-509420553
704960576
872261296
320544607
-496299297
436863582
-111928914
133060701
-388403965
403537893
-731540693
89351166
-86703240
56831433
463336877
272513211
784646853
-799629389
-489340114
510379567
884927819
-968301787
178536081
-822717945
49025716
602368703
843411990
-52241498
-902456460
378839395
-136161915
-116272132
940324467
-690939074
324153128
-625956928
-322652069
-570858457
539210475
73454255
-799999685
-861252445
368687211
-893514756
-206162337
-26096867
-22268767
752255769
-652971941
960462530
-205923143
191749925
241067815
-979769861
945284097
-579826958
-570821020
-23016824
-275618052
747337649
351974333
-509164234
21443991
666181693
883216744
-968590532
-563229069
758593281
713320140
484185912
272268641
924125318
-138059459
-533653567
-78139668
572603548
-4555038
245378472
-674256113
844513316
46519736
440697808
946997511
876316847
-527209817
883117635
-193705607
256704832
179980921
883458372
-844098033
-419224529
-75417210
-817292992
-3203515
-575445164
-85344171
-585655628
764830978
482471034
935554457
316006029
164768676
-856478263
329917018
-399359697
-589336082
139441438
943640569
-77403294
207999336
-99405757
21761277
-867024113
535577695
57473071
-758522045
-716118020
-976417467
-914882257
-856612388
45093282
767007130
-556019601
-655423214
660432512
297673431
936182078
-167343560
959702273
366394944
578912404
-824599506
-28727773
-132726098
-826303230
738472027
71685346
-921888493
-133024075
-230507462
811238865
-616850583
-153686368
-195451355
793477592
795595508
-122897209
467966886
955542926
-129017851
-259266241
288494654
729789495
225482694
312549389
-340726482
17998179
-866462403
235313459
-134583787
747469304
-470757705
-766512558
-499307308
-156157317
-35186837
-82096452
619093457
-62396520
249557638
468655293
230042121
-643129557
-848480592
87622323
-329881808
71268298
-719796248
-297649164
719240592
-883429744
-872504364
-367194044
-50512313
-763781885
908607363
682663786
-534932861
-839273452
325792872
107326016
-426209390
570588381
-852809612
852137339
-661151864
724756396
-555409135
-368854381
-575027736
332471464
-716413884
440787128
441805655
846806799
-118649566
322959218
-404918215
-568879258
-68041082
-366346621
-828329327
765617099
379739556
-794769024
26352707
640729736
911273213
918316523
-630338088
-357889399
-251338333
-726176817
11071647
-100020269
281935656
515151822
-365868817
791049637
516812984
-390087739
-792434041
-700151767
-121071293
124047389
-402484970
-176900137
-736889646
-405106767
392117974
-538578841
-868516613
216705111
802284370
35138061
-506794935
69209762
14486961
-442138942
-124403029
917941661
-844465950
-962210626
320230848
622270315
297473207
-354777682
-153553304
-550790239
924158603
-144989104
-740989827
547816205
-59585136
261323447
20058196
-89977567
-762879173
736277091
969837259
977680948
659389180
-765787576
204091883
-562977501
-128697289
-50033115
141541193
-412499589
944967663
560486711
-726007279
503061474
459071505
-30078870
408872991
630207996
-411357928
-720889200
306674109
720259757
-268338109
-564513692
560966957
40863606
-593878926
-879839981
-349569339
262433668
-282778521
-994686605
-270779531
451346547
-523189915
-394279014
-261477900
846765363
489973091
-943066743
-666280820
900052232
-433491706
409212286
-565160789
-525728616
-514228601
-349845485
392826766
-193569248
222479690
-789946304
-277856451
143381792
-265603454
-164488460
-545752212
-874865237
-854697726
663891165
-399841281
634943142
701709466
172901340
-692571903
-552971850
-850147786
27314278
-468372645
-53839278
916354035
-513074504
38187966
-409511467
-522089134
699354371
-106038069
213310
422946317
88884816
181217527
-144052562
-69844608
-805155424
-722777617
358994598
-58467566
-561664363
-210505847
275855958
692323521
901500323
-557621348
953598178
437472870
-392326893
534103936
393357562
250813133
-844494989
315199166
806137499
969063693
765580885
-572032450
330789167
-556214544
302105432
-627292662
-37696228
-263755708
537030049
-465291675
-185303865
-727679793
-179600889
-718804974
613631626
-746481368
357371654
-183746342
407539676
266488530
744544228
583296588
939805501
533529496
55360355
225631569
205900734
558893054
819775628
-94247644
-125715106
517300452
132864598
-407107954
-814001948
310208065
386769077
-505431886
-294220798
-902360187
538753267
-549766496
-128645743
436580876
337226804
709357595
164278309
-696682324
-830567260
-771782540
814117963
83972717
682359615
-672566891
-568855455
-827515304
-846397380
-284870374
-866683886
-891626904
218087447
591306137
908754286
389958557
78657338
803353090
206536098
148493616
-914700729
685085986
-335269032
-17280799
205807426
276719790
-383591828
-823684636
-705948981
-662003686
-411859922
-56127196
596503155
-207870260
-804746570
-685873590
805350673
-605058637
-295379524
271869037
-774630769
930772969
737637760
5433201
-859990623
-653504456
37311625
208885419
531978558
559382125
-256292403
502122552
-777219593
986339151
793264122
-220728725
-319424234
705077474
391160880
-227070765
-954133843
-957135605
-938270287
-46023751
425841513
476076485
-575519802
-469699206
672180445
3298208
-932380488
874067191
-513212226
-873149572
689098610
-652819068
997776455
-668657327
639207213
-32491364
499680024
-790937983
319730028
368287562
387638094
627838944
-120334243
221695315
-752409262
-249470905
528815107
770979207
784483556
-365246340
-443364537
-98887136
739177089
716728102
207328566
-105409629
-549184619
186573138
-939648672
38812907
284009923
610414152
86175590
36474593
533947749
111645524
-216850883
-551807887
50563160
-107872818
707587019
883122563
272920122
301658966
-273127482
781861177
409891606
677497757
57049786
684477892
808612663
-780632883
-794602711
-797643805
-162825699
126911638
-326350132
-825932806
151590870
644169208
967996107
95923651
948462308
-537706724
-340538413
175810499
844907642
-883789721
796698435
-223564082
58428732
885788038
934991257
208456687
-655921687
855904139
874148571
868453044
44690665
-438209680
-758880832
583931804
643751906
633688847
-332006555
-65045868
609898208
-735312059
715284019
-796875195
-639809038
-756505627
119022750
325389470
-643805715
-169213273
-872833908
758438293
-141224462
-143162883
-281112586
-586020674
459399424
365350976
-159678011
-319267454
-864403805
294322044
-808675626
619865343
542291147
-91960364
-532755171
-993625220
-730877769
795909780
-870694171
-193695865
-60467952
-609388591
-91489107
-966469870
-280983361
927814734
-43124778
-670308209
580958546
-41048262
58748682
-104108542
-248197121
140861444
-40194319
72439695
847087000
229188481
-222714713
489491501
187700708
-873228795
234938046
252738384
-78296741
133193240
134905647
-797707034
-178299984
-180597726
31905112
271999977
-162368795
500466835
-724103666
378874800
465861351
142868315
155092487
-136815271
-405738174
-656184188
252533376
174147909
-766907637
984564776
643499138
735128229
-616529544
471782421
944582818
930461744
-632370215
-801251061
-350605657
871419944
27555524
106975002
152882965
-249975778
839502234
-455298757
571641292
-308384305
476554066
442148961
-516110004
-952998449
-108169692
885171631
-62110103
-904687290
-602203162
450185369
198143193
-437594118
224217944
501052149
296240837
290068401
-648848416
-789640613
-149500064
291051443
330824503
751357435
782702644
-947901363
964209862
734409162
-61616408
728760275
48299727
-539571789
704287690
-842223513
-914866002
822691646
-217612141
-691554454
621120297
-67885738
-735281137
391501530
-769013037
517777593
37946816
479276764
357115005
-637428945
921869835
123867178
494533045
-150714165
-33380542
923945683
201722460
938800556
-341944642
-141287802
-358913238
-905993840
-113509000
-357676638
-516278725
-66548765
948731878
-975922689
714060737
728099982
994261422
-417666685
638433999
-924006595
-881666244
-129488303
997321769
234201799
749716811
-542341068
234163509
-675423215
-106420697
-718179828
-766241167
820013013
-18895060
-426438220
613256077
-778972872
-731189622
562030440
-371762004
-821573895
16420692
345948687
-529778799
653978437
-120250341
-362632500
931135682
911353499
-174560984
950695256
-81983794
-788026283
367204250
-826417306
567135273
-437794680
891799813
-281778428
13362860
-20981043
418287171
-553532043
-219900144
85119127
-56957954
-166397382
1978996
-594066291
-409431621
-173681933
-300132014
-142851729
-621471683
174304148
-295089455
-435757616
-949118170
471161336
121951262
321651525
320785278
621360601
325158216
-359412941
-68151021
-506044676
-544597573
811374276
742412426
303104874
794472023
-695569420
-122040313
-340949032
723058477
-835904396
258642984
-68122922
777725341
691224946
853026312
889911663
-938146915
197527002
210889657
385731663
-174940434
-215660310
427319992
-60485306
-483644382
721389506
159948478
998011642
688776576
-775497731
-585750600
261069236
238126780
768138798
-377509671
850758562
-310566700
-925649630
828628185
-945810934
184181605
-609066427
-108593252
-79047036
160687838
806304640
502811104
-768548259
961812629
-85715878
179505102
992516431
-774911339
668075850
750946172
33244088
556900845
392707147
384814322
-373701533
511397584
951016273
-9245671
-819572595
-947460900
-572560281
-592261166
-741450091
943076728
-183148697
234430500
-443771585
-570806698
-206105259
543758733
-55695964
-868590056
151545176
493045625
-754738758
-616242929
-673106091
-890424368
-295976580
510728222
