-443479074
355876945
182435257
349229406
234601649
-968643103
187528474
-267009000
-814608027
257621801
-691757990
-776546927
-323292240
-858572435
-431760980
-184249123
647786750
-167374005
690370819
-70728682
-647734636
969504494
208535167
-782637802
-747459568
514124085
136595472
-462559430
-918240293
-446235078
-85481420
682907647
-440504134
956910720
-248878370
-627784906
774178436
-985126728
-524482957
612408547
521260014
840832048
-683189523
111390392
224670594
-450402343
916160802
959685417
-512662029
919529516
-290053639
184581207
880000686
283427727
-114832048
-21571848
-6024459
17777535
-81046152
-998362557
317839803
101937979
-887313701
-351265614
-189032375
-93638129
922227706
332841383
-548302675
122308691
331647612
-405283895
-619589916
-978872957
-547665951
-312305011
129336135
42020388
-559177676
-768917587
700373905
-709704023
81917828
149072027
257854787
-295222409
-634137734
-673354610
841251763
-592896960
563739841
934102966
555414907
-416271573
483015232
566816337
-441566788
586646166
-313614802
857230257
550959306
209305476
445695666
-158147080
-846659559
53517645
-821368675
473988946
-828791286
346471523
633380235
-801531657
-395590738
-107659879
28202391
809810068
983505169
-798312077
-377536541
-593531444
1526344
-163816303
238236644
-682366792
-996749550
477783197
887653821
468119741
866144470
768030755
-838086869
-711849784
-685370198
-823518044
-899794725
910197864
946104390
-824115445
469808702
475445230
-523612415
-803487985
528784595
-595982066
47660183
-206951391
594389895
-124339175
-351501910
785064208
-577956380
-403544317
11167377
-594773950
318807236
-284073677
252198998
889440657
-421183456
925312490
-560884778
306838535
628558091
654582442
-933064688
722210919
-556856669
642647444
-992820799
-600425386
765302660
884064246
416128430
-916360986
27972081
298652704
147324533
524036995
-252036017
-921145844
-954464218
221332699
242556136
405421333
224675094
591965920
858337483
-535759163
-202406589
183423212
860451393
762393803
-325907873
-348503042
-2454297
322600971
548350587
-71184094
-323733139
219970256
-485280943
-183454737
295328490
42941469
-936380370
157631274
-263956519
-463679967
777327738
-205110903
903268532
-498671160
455838949
-256034671
-734317013
868411758
736172336
390619040
-394051327
251129006
757203093
670871815
46148996
-951285927
330568405
-470225073
386755751
-704076413
-186390564
391412893
245128381
586526391
127807506
-12515792
-604431404
-241110454
-828276928
-112974330
-618404436
84887245
106011677
517880990
-99084461
208531100
737934965
566617305
949064286
649851795
426624501
-189561862
-403514939
-89633824
-784985195
967743436
431612508
773077492
-764129374
17204451
-644402966
854489492
-448756121
-306526470
-543522840
-728568820
-617306761
691176828
-392050985
-224160382
889193370
652324382
-487908034
394976616
47922514
-923150423
-559668213
-657911800
463949525
-478889515
-544809143
-915309096
817811281
172242093
-633237409
-307289098
-398030112
-661368931
-426441504
-130331205
588071069
-806211131
999650498
-891031984
-575912353
-974264255
-996266093
-704689418
-402815433
-219012472
-178410807
100909039
-581135850
854923876
-334830794
-85546484
-182841460
205898126
936124116
-495264341
865070821
135684691
809614670
-191858934
417588555
-502953937
-983989908
-967953947
330903068
424743522
622732308
647438434
556425548
-838753901
-123129397
-524651794
799479068
-604821488
289120768
739270342
-676147335
468748578
-306423565
-616060270
-845450511
-155149444
613195328
301941074
-427581235
-933678580
-412067203
-299749919
677340277
-636532021
-836160888
-149694156
-320253100
-922262101
118478465
-81579859
606142141
-244550752
-384375787
-843953261
-12411767
780438797
938059469
97304526
241186376
-211225076
509110156
-175355841
-358000237
-611459750
425914934
-553961798
196361085
970383330
-866006111
723018024
-142869788
229044337
-983356130
492437363
-61655358
164444976
161503228
852358247
-443587498
677577763
273995829
-541235372
108072347
-122153298
849646633
-10459576
-657842657
369154987
333933822
-151692148
636156655
-335814290
877795102
-424819240
-506165850
-700846190
522578557
135085797
767959856
-947833971
-202032082
924112016
260451498
-177709841
612531986
-202552219
487916343
978025899
63060820
-66885366
321146706
760553230
-646138844
251977943
-359759
492914935
-377860686
-619645177
849712645
-696282889
-882199308
-164727472
-121058918
50499272
891286818
-136207482
88777037
-898711103
696423742
819910493
-681810388
-199943324
-411712443
77004363
931784616
278519280
175232633
-112347418
607531559
-875686849
741520143
264488333
-168322813
-164273234
572385712
-154071689
-515900034
649146795
-914205134
-732620555
287025338
-444386027
871958871
624146410
271035514
120768960
-715010932
702662369
136640214
-42833264
-849741234
-746620619
-941836678
-867716706
376001856
197995536
-315031544
-631232682
253327237
-428492141
905328539
-553727443
891105269
-873865498
-109945341
-209633346
354141740
246176224
578072622
820559238
915090878
-279925936
-865297758
-364477639
-926614904
-109001498
-648731866
751788222
70060066
-721763903
998106736
-12694378
-22149030
-609330908
-448905896
238157433
508928830
652715362
757299598
738435148
606095040
966994304
198784138
227203265
-510455055
912910747
-47943411
588592819
-346445996
-595809771
-990578133
758777946
-703335469
-421223770
-949732151
-714953682
807000092
-373660729
-267420205
-959849153
482969338
193199950
151470491
919823
-331598193
888155424
-527575134
555896978
-73180624
997837059
-313091834
570906452
-76980259
537664401
790258567
-238640454
78023515
915767368
-36406473
-623547552
564799728
461183679
868457662
-466623838
-152964677
290024691
-402806201
-303227987
-24067904
497089803
445873142
432418600
531199595
-585824904
-595251268
809917490
530541148
-369327107
-384479897
-193549994
164938729
-468302731
662053114
-909183465
747085645
-672274899
172902115
4746002
-245685065
-57877868
161076824
329814447
-216416641
-973839234
540053469
-951849597
273629299
732693012
-649514525
-431320762
733760348
-864930422
-987838100
-73076895
-965061241
-371354014
326528208
450697727
130507041
-624799642
-584574397
400043085
-759169707
-871731453
-797185022
-570601049
525669914
840175144
285934444
119479126
763486655
-170228199
-295113505
-471500688
290795969
252040746
269132517
260514263
-49627717
214400699
512137950
-754065703
-158359691
294912138
453752211
624126833
-307569087
-767624677
-899885787
18441973
431214103
224183362
-742791157
-317700236
697868276
200286440
-476995004
-284661070
163175146
-952437837
-201270855
-31164444
646124625
593075028
-815266114
565043975
-343820005
946754924
996215479
629672925
-524953019
986625820
-106987817
-682880379
979766890
595321896
-882381564
159325110
704551538
-36778297
494296728
-912968857
-666080759
-952926529
68679231
313379688
-240494363
545079109
257757380
15858614
785073118
729214058
-638994942
164871660
-746414254
-227891412
416808938
61687371
-387822497
991509287
-107463036
-184880845
-984539534
-75303335
-266002046
602494382
189788013
-425264386
6463874
-423579865
876842100
-445477478
-504364319
-814455467
597748790
-959647583
-10909550
-388168960
148318834
-505132972
382932491
-179688971
-692691822
751471020
-170855860
-421410787
457466110
-233692212
278724226
-484401720
-913446734
-575186874
537715430
-266862393
142221711
69419173
-204492501
-45196252
172716441
334395749
403111054
595847130
-769699663
-822635472
686425059
721537250
-677479472
-568773305
281714287
-125860736
-194913047
-547082152
-208709704
-198387210
532658391
307228024
153478230
-712550584
-506434231
357651408
-187941499
364136387
256945463
578298817
-833453795
-496191227
-283897042
-503773528
527755748
-505396808
-767712659
407440716
576123190
-700820738
-268670094
-527778614
272506933
-174955790
446810389
712784700
-724316114
639296090
-472048463
756243720
-88125670
476550153
-970859651
444660930
-909735360
-772030508
729276152
876718015
136544504
580803374
12782211
502810935
-299966070
175759715
-418482168
-189784554
946098740
930035054
-877101608
544070495
554371146
417236855
-140509293
-62090947
-518688904
538892268
-909599680
-463375192
374653731
9196090
-764253315
-655730256
-397829138
-769697496
830151632
-25343894
266900313
-528367920
959013915
665597556
540361276
979425838
-998863067
381675792
-348779367
264986743
-678243242
75136293
-801798118
-739869484
464863688
-913875568
-290092436
-181007735
270335280
295620869
747728081
-247277235
444595430
-377883260
-561886244
-240981121
-41521370
-194890026
-159037240
926033270
688458752
67791669
475940468
33382389
148003810
-109979637
56572927
-582029378
-233602861
-591145220
-34941891
980324317
-215465444
-923613358
502914917
-138929607
-479700308
-143544653
-779728743
853295511
-761191231
720260535
484523200
533114922
-809639565
-982808357
-441542603
-60326532
-986253766
-335139718
-24246637
-17618997
-709460482
291040116
-560750196
-153734987
762770423
-24209697
-283112160
556335391
-860751236
-280962391
-822528113
-215865240
-241956030
279658783
-421533691
444737894
-270201713
390414512
-873818968
347530005
137395127
69153846
-304325562
529283695
985197530
-510686518
380376010
-882497278
861012704
677973180
880041121
309323255
232035480
-961806903
-417337440
498235108
-676519281
-65502806
264831922
-397383339
296951030
845514885
-474314477
238939220
-645487151
-167951641
754193048
-453372814
268921049
943299049
839279220
701623937
-538440858
192643019
442061204
-108385672
416645648
646467702
-322136493
780333472
684847734
-394350773
-531089246
25310473
49864194
-824071491
-584612147
204070764
-233585224
299318790
-777731830
571664884
-740788433
283064483
69917731
-574422526
236778636
831542518
78903305
-679529209
812354015
-238277734
86746562
182186271
607952413
-728380969
152003053
-278843944
-162375242
398327089
-767037965
904470290
-249963309
259491355
484889036
-853281794
943152942
781616073
513667179
-728677304
-333565043
637253831
-563614383
-409994539
391454087
275726741
821575299
577707338
500730924
336061616
-727067878
252462480
517343852
403482226
98172482
471808584
505191851
781119795
541543151
69856246
-623929566
596072959
-995689193
-236861824
-6695224
-93270402
489407126
984604462
-739834153
462448300
109568957
-597254062
399460589
-230088703
481447158
750050156
714266874
-124793889
372815375
-736288323
-336343175
-748206075
-375018619
-62091179
909278310
663213820
391095060
-453866798
-158713891
65424809
376475358
465182791
257712721
-777041917
613103923
622959673
-770118043
-920930593
-722578685
200467907
-363893142
306657512
-84295971
996634329
-725008522
-972697430
-79084893
514626985
-54719459
-205674035
380660173
598309405
934641871
-140329122
681968214
-189437571
-230118450
192763209
-302367162
-847371726
-371514679
-394176797
924394461
-456175195
-100554726
298568868
860591705
727764550
-666523239
-839075086
-83631771
-446222423
448566043
-488156898
-109410614
849841803
-694878014
631314545
-204411998
-533580015
834841079
386407345
87427398
854409259
-490021194
944938634
-614450563
514223213
936687570
-981019986
-432226036
79284769
-571235799
228861025
-353658960
5382845
-392260507
-51339911
-276929032
784640697
843618159
-164481403
-23291971
-637625215
425274226
-999237622
-921226689
367284358
212332008
-213475106
-22510481
-187321854
588943068
758535026
983278446
266223448
686512671
180725831
282984877
-776092244
27474872
-992142106
222276341
-367725667
-838903962
464720914
-394251316
-680168650
-308028650
-176117703
-493647657
-225765893
124492069
617429096
-489199410
56956029
813220008
637356737
-836128473
599425587
145329956
942101676
796297058
-121479677
-297524250
538416172
691244275
-50009889
-649728255
21949516
-385210425
-935295860
785438178
617187700
746047377
-587490201
-128336126
479738592
-481420666
-550819978
-227298480
-147616848
255372838
-385753072
-436818395
-658198522
-172660263
434775690
108165588
961487732
666719176
-138273653
277215627
-552987255
640620856
-441413784
-861627848
-207898256
452166270
-279644786
827435031
-311513674
-798298978
597463320
126300893
64350593
141517275
478253022
-960696717
594345615
493942598
262858644
-414370370
-295359892
-589766519
479459301
-917707164
246003652
-730725935
-584923617
-119930159
-572153360
-707902509
-369251333
-806558680
571384796
-665035659
560681107
803068088
79436434
-601473140
-91293952
581498765
-743094687
866556352
101506196
-150316253
-842386263
-798500980
535036081
-323087050
-793428922
-8037790
-430813771
980915863
-791699989
-259141918
19865300
822230826
-279040148
930936701
-908140480
111469574
861582190
408716434
-996556525
659178253
785276202
-799870221
585598492
669173658
-311161547
-514268140
-109018351
-5560829
-357692073
-328102766
-615053887
-797890517
-307734359
-693048055
650620473
322319769
172270096
-467407646
-114100642
-976155078
-225009557
655766324
-810685120
-607238079
581946915
-18812865
-423513838
659818091
838841810
130995153
565663700
-113065265
-12499706
194171074
467958414
618663238
129130840
-205511408
900836630
652311577
930179057
327169981
951565496
-65515634
-286665625
-682989349
893658502
-773173976
813640432
335871642
884891055
-621628141
902710574
-665874256
205209612
-178923356
-732619704
-702743421
-236000253
-761268015
-121295969
276279677
-34875723
301086435
-91682615
-563333678
-889616831
-837099709
-975980508
-914056200
-567752203
452145201
-657655746
331937487
394153512
561350433
-355395325
42674485
-921043725
-156957074
-524986626
-218851183
-326573515
889787361
377099615
-404971593
359221036
298118515
-388792173
-855366026
-225482852
336298110
-161357746
703074200
-639288520
-237087656
-468810689
264965104
-228140832
309252641
600010684
56882999
-497420299
654631874
-934066497
-646541969
543837984
-543654974
-47496458
900485203
732963941
936696737
686097435
-345250239
845279942
954443221
-292078141
-705722364
9229662
-625644534
554966969
204602501
-866944476
158336849
-613445571
91498517
684084625
-987170940
-685565667
-722221280
841712140
-749923686
47285208
290631983
-403046637
666130987
690421173
-842988376
-577422984
-518606035
500555071
-870906651
-103099913
137954778
-736026998
360706107
589282970
-470611384
85908681
748220202
-940319841
-185138010
676827901
-42496993
-71669641
484887317
-336366136
826514915
-578415893
-614658272
304765024
-375050588
-860925351
617055450
54505119
-679114338
268825885
-371318381
778756619
348998710
615067906
-399810349
271396888
644643138
481548919
-324568951
534107672
-273134493
125115171
-247507807
299825580
-290986551
-927061508
-485827569
-858012836
-419285861
-958754655
338033098
-189177912
264678585
810593985
-165948266
-640132713
-875728543
617904461
335223614
-836315136
-869666992
-553656729
691373761
-91574835
790805986
976573035
-108397919
-416656030
-928062780
5634012
976130777
435419313
271538287
-515087555
340156796
-650279443
26458325
-245681301
-11216130
-290108847
245866280
-95668767
331721030
-550999210
679908869
-864009554
-741368432
663065579
619538750
-340672753
-284518796
78277985
-682226246
-193459315
-868105302
57189494
-736688803
-2216321
12856118
35057534
23378674
-908329150
877276446
833883439
307853859
442796822
-810921930
-696343031
903718309
16042519
-219571616
-66982544
269121233
340939822
-628955384
209151788
-577136376
150601712
-178525541
342723240
-869091322
-438641621
979662185
-950258557
38081560
-716087944
479636989
624947437
-451433816
40399944
196145288
-280062161
-648573587
35727720
569022850
224908676
-751795672
-225163719
-592242081
675924870
-997934628
392963456
-477298824
-627399980
172162103
915327738
667734450
-168554717
808330116
777438496
-499601205
775160977
362834316
-410179380
669254486
-510050022
-700032726
960259317
-938742701
390183715
-941420950
-644001642
601309290
800073524
895487837
-959187794
-636595004
-488708413
-721049732
-255347616
-947215993
-801517013
140332982
-348482246
518246892
-205688900
646860057
-25327214
241138686
-678344213
379408409
31178508
870069930
-260407681
456463161
-931823845
845971923
-556404240
593490010
-404774252
507186365
-555133672
863648103
-17853199
-681186956
116056921
-383010190
-411208713
-685711430
-378566211
325846495
-271365559
730631397
-971879294
-389182913
-645060759
489399776
357518618
-11181760
-574627570
-40612914
521543888
-839500277
124611450
971723508
-424329618
832939836
773661927
-895693244
-654089217
-784296321
328214047
-449161553
460076995
-38221269
357678118
-645234994
-579788258
-602030301
-512762220
237306355
147067429
-109368229
-864936643
-234070394
-37697440
-614466366
109289909
-518683444
415872848
989117464
-256928561
630702510
448599824
955323789
-732094054
-952611302
927847113
-352670937
411348685
931043049
827348225
736869333
593748645
-112627226
-596913551
-686539427
-362266176
-191104344
658396021
-168134143
45849423
-784654635
-901025294
967243143
915350519
454386035
-356249493
504022894
-621010066
-784606387
-231749832
268643265
-546710048
-148938447
-111617179
561877403
-250815070
-159752117
-637201804
-251449764
-868089874
-772395997
740114216
-230331483
-251193405
198193527
-616263439
849081215
920953946
516310051
680865775
263986331
-316525248
441227836
879466676
970896917
258418237
-824671685
904685329
-390104097
841556569
2602607
863907110
-134693137
-988878310
-139380902
507397378
828507676
-880180252
145225828
-22862230
439657058
-374056498
674043620
827160229
-155107877
-361165284
-611737152
-830888754
-778781708
-139085562
898409947
558015017
364775949
-582828704
762506360
60948081
151393531
-509336549
-763773547
-444496852
-663157767
589164004
-332059166
-905902055
640720106
648838597
-564832067
-156544117
785220413
318465030
-861589934
17824340
-683362851
-497441742
135073315
970649724
-259374521
-359269871
266881651
-358805830
-776322704
-770556065
-25856081
598848119
671651028
-271870432
-524963600
565425444
-759098423
62742666
453272221
-880525512
-130810895
296455569
221633838
302092485
-121915702
-927931379
946672139
806582710
159917664
583964297
406650002
739564455
-634598623
302320042
-298821320
-248367919
282220346
-358978362
849520624
843075732
-655247408
-910311995
-48419485
218218997
22808864
329102902
-136780073
-213999114
822328801
-263042115
-179815365
20337930
-918084273
114537134
-579128256
-163285262
608603449
-412510626
490887668
-399430031
-221322121
-697065993
-726468866
-686753981
43058864
-526333342
-73237019
720124442
800548243
476014534
-587678574
424157492
-637695128
661589389
935082525
-11001227
796334994
-302127980
-205774926
-767386944
838901790
598451043
566054671
831227127
-799157601
3041897
-68106073
517147130
-922329636
-467681210
936870369
-842302770
383095067
297261815
105690152
352507006
896507313
-938411386
-431528740
-730990248
181266105
-19755917
756239389
848093579
374375705
-177646466
66223679
885546799
-732124900
458139417
733893415
973885535
-591771109
-325212263
-960591533
818536913
382575021
-569001799
-152722462
843215666
-484874415
-609047682
-240025471
-560812527
-660550548
695083099
-185861153
42316313
70366983
601557372
-169175629
-186894327
-746238341
-901991129
-279248853
-205535718
-910721667
406923618
-81360613
-22290303
402412739
159312051
-483093219
-723643553
-223193002
-373735220
136635139
655034087
914787047
-756538589
-765932299
933913440
-540585241
254697418
-572470242
-860710192
371485875
-190250250
-488657342
851273371
-709325388
326551264
-754411957
822424936
873526380
-533637031
590352830
-695748437
-364533695
-866072485
846975823
-443580210
597078872
-641319606
-907918193
-436014594
254793885
101596621
860635331
573668241
-452302882
-823750844
20867793
-465789937
-897781225
133775845
-342577068
-632759324
-50151479
-460446602
-223237170
100370592
356584323
-550667863
-374556675
-485713176
-412212606
-30250737
748987974
-444542723
421440884
-630635078
-947246514
555132902
-247495847
71132276
43265192
825326909
700876930
104586133
-717138264
364430228
-462674299
-90844286
-673205370
-992655665
-994766465
995722061
-837444387
424512229
733695797
-555650599
-19049898
296191126
-357139365
-181441264
134139921
-991389606
-39436211
-142114408
-532260428
914147141
25728815
-36719670
-318666515
905186669
320868999
-995495454
498139725
387989174
900172452
-753673693
543841724
320511689
399457452
543260951
-594158435
-392313309
-429293759
-355526156
-493672577
454526537
-198846513
58819354
168422780
-660874635
587978937
434036530
935016253
-883695986
428887952
831725403
403845595
-109790768
601613068
716855970
285873231
-813221857
533619953
-713705288
-705584196
407376749
293246082
-876411217
81988451
-242469178
87353331
823020370
-761492800
-962328094
-549142097
150830220
747118571
309169187
602694214
749257779
-896234059
-70482879
-417739835
-407706837
-315226848
311520399
519122697
-881202472
487294812
218551996
457305887
188113242
132432262
-558947849
-107171278
713979189
-825205270
417425852
146375361
-700335632
304226179
742155249
16130416
313184241
576167714
443249280
225393078
538693262
912829956
289576738
-166263508
213826437
310051694
42621227
761033409
-418148908
688043516
938231084
-532531460
-854197911
913192281
194426368
577221507
-664250842
-344078316
-995085727
-766886060
-462230518
970775541
676067906
361655884
-139578996
-474255794
957160888
62852806
-601074278
-20158615
749983876
937897773
288414785
-262267191
-632337272
-502775668
816501543
-396216337
225082382
-866430251
572327289
-864949261
689686718
152137001
-142955631
822541446
747930700
27038664
691082886
873306333
169572727
-855250140
291634270
445548196
-249709193
159634760
-392773759
453294641
591948309
-383407730
-613756331
370857643
-784446330
-293620085
676345984
648260907
-449501327
919567242
592578332
-590736917
250959191
-411628631
235284012
206297402
491841437
349192480
476016570
-639995511
524905528
-208624990
782526094
-792081245
455353332
761461980
379084428
248474106
-241233055
-815148518
984125611
-190942180
-738854822
103670281
-884198258
-590675131
-888353229
539896727
-195143232
-441600243
897985150
184216310
-945169775
-131991230
-865706886
-758422905
-284402736
650696986
202700597
-963435901
935044061
62660013
308883103
-523277198
-969878738
-44928554
-595390292
854501203
-458515414
481416672
-207751444
-623538065
-105539766
-84508752
-33813268
-441750414
830357628
-99729649
861291677
600112632
-580781374
900838808
580058112
-605724451
-280712227
605997220
575949104
165181689
-416590168
340541628
843841350
691093272
92237404
-439813156
-538326294
215624345
-727967111
-593517232
193241010
234765959
-114961602
813235309
757300072
907553925
-298446920
-117953386
-661646311
498681706
700928944
107020465
-215692545
-648613183
548258145
-1093211
410361174
-581408867
-255243727
66541917
-397473670
961538633
336793261
300062203
387096609
-140354479
70490025
533448999
430737678
-912095716
-982562005
575790807
-518611962
978032474
-728921866
-153415660
822115948
-739902311
-998193741
55062487
311585403
-565003273
-908267842
524067853
463601952
638233330
-109838197
27634874
713826162
-970854565
751131060
484200911
116743530
-387255136
-509428830
-224780652
112092394
737694161
744116804
589169272
-509386859
-202277687
289222481
-28075898
837104250
-29543014
789494425
-735554406
626780425
-792168081
-790925275
-205099885
761119070
892121256
-332549640
-923347084
-257115701
-400190
-630552629
-22050129
-219922826
784005664
268865232
-851541211
-806758541
-144804215
-227142790
-533177723
-44659659
-149736925
-562232544
-753993705
-794616497
-437148307
-585920238
-800610632
172243419
662562675
416107327
-316138037
720976387
-949889861
717475143
-645480699
154266120
-335525093
-469428150
-666589484
-713112737
887753013
-694790692
599267693
722490870
-24720495
-191719404
-85166479
898941844
949281109
-342603580
629505339
680415070
46863011
831592899
786844616
-475257995
361517711
-373594011
-493280700
333352637
836392636
-788978164
-763652819
871505081
992726674
-382765096
-880576474
-846132846
-518220770
438525818
-357864614
851489847
28954757
-517808346
-581266037
-932654947
-317608410
-349230426
-972442442
-162776025
-414330292
-954755188
262164325
-63474142
26835084
-358125423
-47784345
-284710463
-835100745
60553265
-1639389
378879108
671165027
-883741004
73223677
-441305080
-695947630
-774573818
-393177838
364823788
-672922481
804923089
402253765
519319036
-533956957
815324006
-717337046
236838738
312080064
205735062
44380280
756604133
-94629262
-428843428
126929188
-952038199
-128635177
-297594803
302350964
357959411
151472698
-532613075
-434806110
874372887
563936592
666504093
509464745
787966642
-521202162
339960562
-652174418
-236739292
-657275355
-231039198
216387342
-601492491
578944796
-236159784
-861766400
-543871688
-567331320
-154122585
247024103
-852270580
460286185
-931989414
-294903241
-71266497
-507977820
-253987314
727892633
-958173924
453902088
-503758624
469443163
269550322
-154490608
-503603163
-925917884
750903524
-931223935
-774557667
941435996
672961627
-910267796
-642270300
928412543
723232108
39094268
-275926667
766396034
641175335
-890575365
891543173
138468736
999010941
213674093
311309308
-816661422
128404939
-533966246
424194769
754540316
889332487
-447924480
-42934780
631051910
316786472
166231147
220387838
38908007
-239289175
69490507
454436035
223583046
700627537
-851200543
439965091
-768724028
-777730979
-297492757
-295846484
951012117
313700314
-904539952
-850978134
500546808
-57860684
90809417
-118065977
365029051
491534188
-862910570
-259539936
858109957
-757149090
666504664
649726046
-674810765
-373316315
-824098837
-702448322
-748139902
175526044
-241529136
-530951578
649896757
437439615
-258849321
-21145933
251134995
-332178266
-361145111
488994239
-239930501
771712847
-721918606
233886594
-175175521
175120020
-923526167
-181616620
331743519
664604411
785729533
-917641840
673601090
-390711971
692728341
-667833389
588438717
670215972
-662691866
448598678
-57939414
104597472
11476401
-717703066
541381088
648108094
-612435731
630472312
198200412
-670131714
120457217
712574857
-781314896
-673981807
-343441802
978308900
936947018
-667344036
-189224625
-396969104
618960669
-101818868
-266293709
-815586423
-102003791
-494985187
-419122998
-264894522
812940868
-399003044
980870851
429870347
-115812874
-315723129
-31287030
812319894
-576421573
-340019932
-559678114
-969296047
142044661
264629226
572448675
-589100250
684127071
519047475
928130157
710328128
-979876412
696050467
-782070805
293459382
-923945163
-595412784
499310231
343484647
386507600
650526086
-178514948
-555014489
-884373131
242558575
-445517225
-220040710
875097335
468729457
-888322606
-399045803
-528882834
724696957
630956289
-715385867
-651158003
624506485
-531405944
105131228
141161999
-718685257
-373126294
239111760
296479307
388948254
-65372780
-357294171
-441878997
-862931005
-290224046
417738263
432996017
-9607605
-257278533
987581398
-948903559
-342647674
-700247627
-731928410
270428868
-230532211
668704283
613250085
218691025
308087442
954956655
-854737230
317320315
442292957
28851960
-872554754
-227921567
685160967
-857627110
-489024038
850710522
92850751
-387920771
-493676474
-960330283
910008620
395902473
383541789
-873218874
-337680916
510767190
251133870
376587077
-367107619
-845347950
-2479817
241921006
192271562
605463588
-465458592
-237128940
-818833759
-711144651
-371684042
467624482
-225159026
648646335
451766929
-814281917
-137559746
672932303
-819364405
-561632534
-555814908
884347869
-946452357
204632999
342033648
349600474
113380775
266254034
343793542
977499691
-7397813
224821855
704931240
-470645333
-297245473
436509791
795682291
-635156992
322584636
802112953
859201545
911074089
-571879826
-820505450
-217596557
512156290
-780925827
198705073
926561387
240335876
937847007
-266781039
-958530451
-937902153
96035631
87962521
-280601029
971990520
188747472
-695526878
-687066902
-89736158
676346703
912145459
-893790697
-844287527
828821734
-455898657
-372068109
-592004326
792988732
-38148598
-993228286
722508675
-866169349
985260593
-646488190
-131828823
-636738089
968120732
763112720
-547201663
485186443
554273941
-146682645
-602161362
394402774
-968584139
944908181
194743303
457786264
-641702778
-448720339
994769396
465834796
-733071845
-311509832
488653284
-118767436
-158049646
802295935
-200595295
-59351887
474996738
-23455154
757762554
178649332
809484153
-947106857
732001030
214846691
486645561
134618823
345630861
31304123
238315510
-95263181
-246749980
438770165
-429182458
69658336
331814440
912754409
-55492600
-707679669
-252591515
-197951726
-461145452
579581892
548601363
417851024
372490923
-336749830
-491982629
225872319
582072656
139561247
841049209
-908394634
-788058576
-463835465
-452059204
801715417
88573820
-718491733
899849436
-468413224
-175962620
-462790462
475307348
944791403
-166133202
-742962598
-468552773
-784684777
-127114581
-556306906
-830051456
-818811709
-169721528
139398617
-189145079
129683923
-575440667
-516873146
-597348829
146519135
187697651
-478708445
142638846
678257258
435693144
-79502341
-560901309
843543330
-972557290
244205117
83634610
-261031992
330097338
-33612874
926932286
-726799368
397993955
237597119
209531842
-291467956
-976062685
-885478228
-719458095
231408954
880778408
918509492
474194603
-485370866
-54332356
904074698
266760005
-817872646
-161036786
202853037
804511696
597657701
372834553
590213986
683845110
30604241
597959577
-114095773
941628534
-719592532
302288121
557998386
415880956
897716127
-271159572
-496973515
585718793
428162237
-785312220
-458222107
-226151892
-974319102
598036691
-800456547
-436791330
-998737474
-407143692
570820091
-311963056
-741250582
445679729
-496509329
-192791365
-777943627
316273754
-121156550
716701476
871511109
-593695231
-76338233
350706646
-514916322
216595730
66248576
-250651474
62665733
604201377
193179605
178271917
469888816
-713254561
-848808309
360194682
-660493377
-132633163
137200725
892752718
-428276954
-381283427
-848376664
-478586033
37482269
279887018
-540488484
905053146
228906082
983699272
-677244493
246392196
393068661
-282193817
-668888127
-364903003
-803298404
-258547406
-612020282
-732479533
-837585073
674958577
667137957
241596885
-507366724
-116993273
263201938
-988526212
-259203357
944191991
963918193
-299346094
323128631
-47523263
-738485242
-777829317
-928613380
844915558
-104486356
788984988
-51138653
-203585068
164289584
-850582888
761675551
-811749041
190936582
-399236802
601690014
-419371874
82686120
800257646
181997178
-88865560
-563333255
264062311
-391627166
589290021
-203119544
648795682
853954184
941741005
-864792913
420004627
-22812474
522209445
-787806480
-177822719
-87140893
-231854820
748548320
-684407596
-166372200
36920154
912033327
356123866
-527664608
347160297
637089375
179540029
-646691900
-950314896
886164576
919109267
427096985
-607497270
-634943340
-714710439
89770260
98490294
-310040857
347369652
622589242
931367957
694370673
511711161
947116926
-898430049
-18770164
252213030
-731581569
-646930390
-71301524
471709264
-666826400
30499544
-314674998
741941623
-776507032
749004211
-433655238
682937486
-307084643
-242908349
-275452200
655878679
943612154
-15936193
-314079088
-130126295
783790415
-416045984
92891017
-774856813
460222646
566739792
770136347
-972011091
303523522
-24912673
-537960235
-31937381
-733768414
-221365283
946549574
499983437
-201598793
-251956338
803389581
478956101
868676093
-110328915
609557059
140314747
-872096211
808050197
30217035
-457871834
80784673
359838408
-477730649
-554110830
-610875717
-221398516
-318349833
-419387639
-100016908
-536789329
-238590064
704517102
347228780
506928181
-784323350
-159412693
340194918
-281065355
-236227523
672307867
-668597807
705076640
-391253840
430118503
-333572674
828380344
56282894
39688832
618660436
827952978
121896833
721816574
-139586622
827413458
-641079421
-783097930
353090650
-313989830
-494835908
442666479
497959668
-515435045
-739819266
-509384832
-258537174
-576865564
-432800648
734760906
-852562115
-445921156
329782301
-70854102
757673253
705930682
459564323
-216184271
-571731741
79828784
815063835
458270467
79173223
-715094016
-966652735
612391990
658069390
-18600860
756747826
808371981
609172986
-118191875
-527006307
-304029415
674738026
-381269274
677770566
784042658
757662196
866155320
29453894
-11218450
-245208196
274201029
114963184
-705704027
141939080
-510876295
561223332
-889947700
-170870276
612243844
-674053577
-786348328
-687151194
-62244501
-39163428
-956797260
-747109427
873720269
-109346945
-668944618
25708826
482177773
668513060
-213789187
-4978033
-492675946
-916231703
811383904
-705534610
692671999
935133809
-11102965
-685108510
-12198090
-338328895
217183044
443049506
-467169944
210807499
-928873550
-469281452
513836992
523282348
-256260435
-341097948
-687889231
803014700
929167257
-638953703
417518051
195901284
-325464102
-467458045
-958934857
-525025414
-297844878
-589322352
-71831175
317830792
-474032834
379626495
526505883
744435914
591338732
638643654
419133388
106161225
801627552
578500536
-638228156
711662701
864019640
-173475725
-2668498
-833600186
-867557074
-950817413
-366512160
43559595
-100633049
-169568737
-537705466
-220387892
-473868975
745241424
-969675208
-286178357
-72722668
-260098687
688438069
-34274461
-907285674
-257069401
527587775
276790214
7015659
-113425824
-110650094
-210510203
-431324776
-814258519
310628546
564749286
-797364816
-661264673
-19875144
-53022691
-560570136
931907791
-752313702
845947675
-41455731
178371812
201590883
17331700
18943784
188568731
-565153802
567224984
-286839967
329603346
692141816
801357183
172953462
-20040103
-559311362
-947989014
-264523493
-631055805
-995361258
-574487808
264409226
-528463853
-570751961
-387190647
528304049
271482050
312797302
-952570554
112171658
-858321424
336823365
-396411670
-453707127
274107749
-531345479
237342510
-204711102
871977229
-92300868
433190330
161296584
610419187
-772709474
120982014
165105092
-258043817
-28889
-621401522
99340950
-342165169
-594548398
8358037
458413404
167199756
-862242173
785202370
-347197044
-566687523
596290296
-82846903
647015940
299587271
-418522163
644157085
-241542304
644318781
968238569
-146458380
938765876
15568109
216134395
-298275408
-613290141
-268230431
-184582387
-408735843
744917603
-160112763
-918195266
-709666804
-633431210
501921192
655530537
-236296736
-197190578
475666134
606744085
636434843
-395394548
289301315
504804095
357657069
-370074303
359701184
-565928531
-680660332
460509842
-348990987
-142127243
-181708983
671520169
-169121950
775639494
371398688
652837789
72286211
-567856312
-673552063
-439388359
-657768015
-610638546
-457405342
230071088
252509806
-861264456
429094434
-154358419
-89028019
-308588334
157232902
-21240439
-903395839
170744026
211290637
-421359530
548931584
-851654273
-816878863
-740846952
-948392365
-436742459
-219908611
642720979
-922500355
63281700
-407002234
706099776
337231109
807976912
-816983801
797975769
337643554
-630159852
-432338467
-301389677
-861889277
-345579109
980012972
419337272
609891137
-293873141
-780013030
-265241152
705425783
-463502813
-736499921
636099714
-659816353
655642634
229055100
-232748467
-524453536
269424359
349618021
-619738163
356198048
-354466672
584067455
438854459
-112861839
436211379
853654750
-808739715
-257611438
-817985786
909407068
-592361053
-77735091
-493387627
-270127990
-727628404
56358128
-148555718
-660024783
736495845
302109227
949681027
312765401
429378352
520281773
-730900253
-501289612
-175953147
-469551129
-87895474
-520029084
846393412
-801920303
-598351260
335751533
633304722
918551883
-61057001
-581582827
-635632822
232737007
877524093
605731275
145593645
182427127
55119447
945302408
792156462
237258055
-698970797
-889295478
117273076
-133844433
11071146
568171962
-345619388
-239536643
-458619492
875212418
-957176360
741825388
66151308
-749713083
874506056
-58454359
857595976
131145343
492829699
-567270297
310435195
-771449819
387231534
46151628
791850411
726054008
864132403
432420423
-221273177
-693639111
463725304
-221352870
825576389
319234663
947076632
-664029036
-712062914
905665065
-117014167
-411982733
-568272149
391607416
-915478984
985030466
594417587
-729812659
531686596
530445524
-312014799
442026711
766509658
114426253
-553501711
430096767
-233744519
394217715
-522024962
65862946
-140154209
-178159306
-596464479
404679850
955826388
-372503200
378950983
638731592
430679392
-544477158
-315100032
-981763249
419003036
381280536
-793698780
-609571152
-439679514
-2617566
-654106224
-267082482
162810030
-746211136
-516962802
817040253
611686573
239822210
886975315
918870492
773900598
824519145
-873074655
-437562932
-570533980
-870514699
-988094195
145601356
752594163
-685908404
622170459
901079283
699049579
-288827388
844718085
171298249
141277047
-769642739
253659867
-745591103
-262203756
653321022
974066116
-370112041
613320549
-324933638
-9483230
120413378
-267881501
-954781101
-238766761
-692181327
844509899
-727745196
-2411142
-268298099
183060779
116776577
-163111743
356541155
503294561
-717377160
207950246
-36009604
-330812303
479635995
803079273
288419155
62494216
-617013069
-948820608
888625800
137505418
24100402
115509692
-988331154
276122806
-2968070
45701823
266529272
-99451048
-309007230
839434316
654204988
803714559
199362717
995277794
140034075
-805556698
-372559662
436065986
921226167
-820294060
266601428
-112369113
508429508
734188596
-295893060
832405842
980270529
-610105851
243514873
431472318
435955921
551399756
400022313
998036351
507529336
-231225851
747652963
654328516
-566611212
-599549664
-563418245
-602186960
697464089
753734854
-370552301
-764588433
-526095295
550361811
583042141
882687351
918300345
532319906
996841868
38145646
327906846
-689938467
648933467
911088726
-992821424
395378816
817327437
-337214166
727291781
905321232
-280330352
-690823047
-185454542
931442427
529601082
487667139
-459608581
313496502
-911923489
19635523
-920740588
279297017
985764562
-67138376
-916079720
-154886291
307679036
-537102738
-367302833
-749476946
295811835
-277467372
265643039
873157490
-32088043
167681708
-564797678
-256420134
-543404389
520230912
-621889688
656539798
-549812512
-957236263
-908003230
-48139280
-376910751
-80914031
-171839598
-90336029
-171265439
-462488664
-816221610
536219919
821456662
-607411367
235721528
972319310
793794035
235732478
385920283
667337783
915288635
-419061294
-490590627
808177829
-485882365
205910007
914473235
-530022195
356712619
905489119
-658487299
-381891635
496784732
-810144301
69263511
-766797042
83023798
661110899
-912987120
-133985079
156155966
474520700
594777635
915408089
96386580
611420092
-969333491
869003319
-101377577
-591415718
404485216
780135079
743888426
-251433486
620772499
157379441
-321550304
-164482819
321296319
-333945708
-814543998
145555022
-335816717
625632026
-778047041
953403065
-93445497
920761713
-11576626
4528404
-836262549
-558605176
-259181885
-521159187
-258210537
418108181
-224656
-711862341
-5420436
-510400331
-976049293
-266378093
-494812721
-837649768
361987955
-985677116
557800504
-641862611
-629709694
-19981687
-828715158
-120393620
891366812
-303872195
542533055
-233367220
803907881
682531351
211707534
439404654
138488950
-933817735
-309190554
-271671537
-437327092
-130351179
-137206843
22221168
-495839333
-549494850
-813261180
287080234
-769590976
479859736
18797281
759586411
186557084
847066094
479835432
266508638
-100286319
671362370
694598142
-414703703
-504407399
376340298
62848706
-441501782
399022528
-751243721
845978999
-791908085
606646404
697477074
107762296
-61070813
450445378
418588208
43881208
504250659
411153210
440710086
13467130
-274992963
650942000
84616469
767616326
997306293
896749867
-323562272
207295194
23598107
-845110749
84798228
-912775769
-803633198
206890628
300389116
-318967028
513168547
345645544
646340013
-31352762
710162582
934237183
-462593045
799016773
-392108601
575866821
-294154922
-733485795
235986510
660861333
152630322
-574043975
914017708
-327430392
-656676116
-777631854
-57288574
662300910
743620561
-148929865
565484590
-94920650
79904721
-698774190
-155279488
327346554
644455338
-355241606
-199058829
-4982740
237861942
798570631
-66574176
244185195
-804094873
-19571102
620624491
195531010
-700538147
407304136
492883383
-454136987
-220303000
-708585857
761381681
70385717
-137182110
-370966877
-677942813
144117161
-409527966
-565411988
-748288712
769515319
745314742
-357922462
-623185087
346237541
52265547
413927594
20318836
583142203
-666290430
-255758527
774588376
946846634
217134268
-523554275
592910429
-139490189
-23184635
585413042
-311928824
540959214
-118783703
197578319
609900616
-108195595
-665681458
702097432
-339756697
51601523
-937648450
-250796900
470034716
-518170236
-561250621
-134908910
77215805
342175817
-691984469
482242613
-873752175
828813132
58259051
-933802311
-541770813
-526993568
283230568
207474803
-13646047
-710393680
167591390
988574311
110753943
-748894499
-458343201
-780284732
852464414
401191246
-730544634
-277487266
-666645330
-148668715
885296772
990942751
-155659486
-949381072
-879746411
-927674261
-556173853
-277217658
288321611
110099874
665667176
6408403
-744944428
-311219057
-317888011
266782347
-169476287
-381815199
-796133490
406280352
-544968618
-277706634
827517215
574597697
-646901226
-17367816
-199015179
500543674
-259378815
857910189
-31679263
-324288069
-992418879
-549347104
198934894
408603805
756373713
-276890376
-893003015
-828675468
199478069
855804708
-646448968
877664558
469132985
-555956864
624394183
-576321492
691035382
-504617889
951938681
-973108896
-428475045
-217222512
30104050
-293363175
-543058959
-311905143
-227508418
646119953
-839135426
-374426841
639299638
83875653
271229947
268711705
-820114707
200709742
887693749
937549033
240575837
-115607501
-905359193
728495585
169489429
427114622
-765035629
427199680
656040206
-74937524
875484413
600790720
