979930130
908210796
262739384
728124267
-390636344
-160726019
-371051891
46003780
712992714
438621460
255855547
710561137
258629062
-45897318
758427670
998010117
-677201720
143891941
-592174511
851894077
47775480
-37812920
272206509
542145300
456579737
-7960762
904809235
367707709
680434547
-196402346
755420417
865493453
648317763
-743700220
-46896691
-429768122
552269521
330456748
-206515235
741148856
-654349820
670649026
208097763
210555447
224168478
384276991
-947482600
511700225
830616117
998155916
607468169
574598567
-594000727
713791976
-581455239
-145568996
-568981020
227025401
-667692321
206311344
-629372867
-355589525
152895933
-712553104
4191748
713224890
38714005
-89739208
-32292045
147955277
120648859
-287057344
306254241
745033019
-103990788
-662074318
-403131837
171560518
391751106
21879020
-882328547
251516559
-393482165
918923580
-962838350
-524832695
117059462
-919720855
-427281758
216810338
301917990
926122780
-672635060
-544517254
741279771
-171512084
-346042226
325346174
-7129822
45363333
-329035608
517470437
-318800264
72002110
394762375
-481878383
-975622532
-346917099
-164420984
82299912
-439882924
-107841735
352986679
315798534
-462079006
619491147
749351270
528167678
-671499023
-708685652
605301913
-660202347
312526743
587360963
440355233
-590317520
-935152645
409641874
796522796
347159575
794904119
902602740
-216832136
-92057274
88786776
72316277
-636499504
353266818
813703118
725952799
-70986767
-405483983
-939944965
115248321
-249261138
-61255270
253537019
875846392
975154475
787318320
-193094246
69331337
-507668158
-963547360
-611136550
693371001
481277320
-383586090
-679727006
494660635
-308057779
714600235
946101844
238586478
-852831237
258359620
656974795
673826712
586031769
72670953
-691016083
570563177
873063085
849550081
46193764
-830561086
831056988
-306753233
-272910748
-543059445
520750012
657848435
-932409436
-96152423
-683607675
-775513682
-100455494
435994262
586475157
-659059574
568258446
-190278717
-102666615
-115782069
573370065
-680130572
851142767
269263895
756066238
484347694
525127606
-967601597
-408473333
-370797079
-523685798
-432596302
-538962616
94900324
-535129737
276563949
303946215
-760653030
-221079056
-973919348
-278520063
-521566076
905795968
-398361638
823276422
661098463
-771823662
404992952
-357178984
-584791655
141535033
406206436
-185217709
754525546
3576708
-941338162
787039600
884756319
563607072
407995983
358438635
979748595
-784027294
-565076737
934864910
441061244
-334435653
77699995
-236680873
-772699282
-74482223
-147757284
271309403
-586588245
889903198
-424959751
43295893
-166604925
-234263198
233587981
548819598
432197915
26321800
428739814
444071509
897615698
532033413
-151964616
186660990
447847909
383765265
555572455
-515438562
-665443391
-642717683
444571343
399426060
564341818
-207916484
-724833143
128020194
186976740
508279313
-200033571
343363361
-721552734
933196996
-723107983
336449513
-579269444
975627800
-621551867
161675807
239073553
6121178
-387941859
331777622
-888590049
-67183963
-465906929
-984792837
266210962
849941182
-549067058
-126074169
130919602
-489715049
-836661727
994277832
283703979
434520871
967622255
-922100569
249760181
-627279498
905474537
65896158
-175560243
111984441
481891547
-990051894
-747406107
509776671
808638764
-977932546
418794300
515175354
-398426108
-496492988
-125105464
600241928
175233928
580862257
220539854
493228190
294742721
124472932
-455746412
-80440934
32646747
-605874641
-537426881
24121096
180382705
153707638
58880836
427108984
358939415
-779182428
-331119761
586533319
204508969
900414952
956251616
737894805
464870588
517377343
295481689
610311512
-141150423
189096618
567944836
29105991
-836281438
822420232
-758093978
48879015
507871368
817102001
218749232
-166537057
865203160
-198895986
-165996091
144446247
905049653
-862105755
-248661303
776554783
221081395
-501394334
-488035204
-737533333
-841298766
441502095
-986164323
-328354087
-686454534
-922929119
225706684
-447189520
848012100
57858687
-14458626
819611337
-557686752
-567763538
145270610
118674633
-863259171
979066880
-133107290
-912307033
-791597321
-484208626
-648072662
199873585
-642421143
13269801
738886648
-234249273
126803546
89172976
-78921058
-664549288
-547309883
451812314
716494960
999345719
-541431984
805612603
237265148
-411879450
227045159
49530086
-316969874
487496515
843489606
-2737676
624630869
60671838
-744830218
-446249106
226634354
546935180
-173397020
-669231240
-931273045
159996804
803741290
-775748602
385430434
221084469
448410139
29459725
144832830
-977940878
-387679271
279431231
94279494
353885197
-340350039
-230785842
-818910323
22691083
786223012
414534943
86938817
485234571
737286658
-534183
-489431339
913978695
-565574267
29056603
-590854865
-663353330
196607832
-188808912
990991252
-65773834
313564802
75170734
-307061554
-603558484
-968804401
-250738389
857480266
700949992
987428645
612152936
428195586
282063028
27823599
611955544
-538496827
13981955
-960868182
-966605362
-546128004
34472185
-206174415
-462688119
663374288
908584661
-201553221
-256980408
701819354
-80803103
-473112979
-347409481
-190844205
-645299237
-133926765
409332786
-258450864
479389999
-620919825
-985023145
736550092
341187750
-537396091
-902190840
-605298556
-850084549
-372904190
-327387762
123759602
578401550
833715402
388241883
552978915
-730237838
43297768
-733145801
-767980511
-598712347
-305622211
-113670603
948074639
693161118
-689036913
-145491064
-681996197
-258133022
-476849958
-435279902
-79441648
454204305
176747788
-748413970
632704408
-563758845
93581839
-159967860
18107750
713932061
-71960478
-367724293
460462057
-52789161
-186224600
956073919
755624390
418181605
940092887
746851071
-219051367
304564437
240318980
-540069954
-720961303
-990834361
-149861490
679848868
336566879
417616237
748313025
-35833316
296756931
184676887
112394329
-342596375
-493510426
-987321801
200887062
493757224
769278646
-369362400
-140358442
-953472079
-12673175
46221516
629820205
-817858885
898947454
243917504
755596878
-645062077
-973339731
-768306455
330564809
960775649
216448909
-972222598
-371955215
-629680812
264974646
-546292495
-657088280
861305971
-12381589
-355151194
548911948
75156266
-707001059
995625751
-719574398
653725795
198089532
140883090
-413567505
963883510
604053391
-408828316
-202587246
-845684011
294572055
-957264588
731338321
950933492
42983861
-868252932
340549487
-735403567
-23929879
712125605
390935834
-384782667
551024447
677453857
-993146589
270075039
-502452518
779555523
797401073
512389846
209635587
55753379
879284645
528632172
-822518562
994803671
-997902989
812246466
514933469
-21290209
963053690
-62682879
998946330
-173880014
833839017
-826511017
-295141068
566103630
301805523
-53157489
-411302843
761621309
-246385397
-833509320
273771571
386727577
-167612839
855295768
428910415
-377945534
-273780799
565997405
205602523
934868811
-371191637
537409957
-483365002
295619332
660396524
29087270
-254937633
-212187677
-40791146
813469674
505563522
-852410451
-868302731
975383289
784296991
-614882877
-6297513
414926390
-546186174
801793586
538476257
-592343734
-201299716
34947830
997144015
-485969426
-780596187
-847300875
-899161352
-305133892
33510923
674214364
710288947
-313070727
-106770580
-46718856
-40025823
767990331
999468594
210318399
-857942061
-685955979
-120969274
-610061393
878944341
-297166635
-478256956
-176467586
-46333567
-367229969
121515945
-852455443
-188505082
-530767434
708405326
911785109
-121920255
-364285523
-577791068
167595284
-809531134
886720991
140395845
-231350498
864596916
853067706
-904415458
-798730084
-666880274
387633260
-791299085
503029148
-639981960
568213161
-99521688
-110024103
-437264573
16719898
-343628829
706151544
-608642782
629664299
-415891312
772883934
-447503976
-292294286
115797374
-106742996
426963404
-656298566
-877421594
608432537
-964627284
749648012
515351017
657185218
73528601
-518768818
304629571
-825467673
119676538
437022428
512930709
551238189
-592402717
-748644572
231510892
235930773
-954354837
700386876
-56423612
-719168953
-907878896
-456289633
266670832
70579789
254921079
-711066733
-129065913
-990597273
-378613140
-645353434
558590672
269027187
88615066
95504986
824671241
261820135
90405094
234683262
-709793196
-392846488
-423517288
-470821761
260245730
-48916730
11644414
911307758
-52230471
986909871
293070083
458238823
182369913
380337201
-633893169
561641594
491924134
457393336
-220707512
970412427
-175030261
-798055708
181017388
-850060675
-82979300
-285888891
231799293
510686074
498612726
-984254813
-95848088
913973398
174722323
-785462468
-100302227
78783315
804332756
-899702927
274385047
774132027
669592841
-116076408
-845051435
822575659
-498878523
-766214099
219323330
695995003
-111773259
-879777452
-395961551
321952745
-254367060
-44914433
788441146
663082602
-488089506
-188321517
-557142600
-276400936
-416289935
-345114703
-851154443
-365132773
-316501073
519395435
77902675
995960290
484399480
587102374
684604574
-778586664
158583440
-305288519
-15445882
911314566
-297879702
537963401
-838693366
-467056055
120981456
302852791
-389762745
386854215
-216348837
-556064503
26886851
456786932
-846926127
407482711
220981169
987506967
-63622396
187067278
367898068
532709760
-250095970
-410954960
997649317
-642075894
122867865
877467086
998136822
868587643
928754800
-505966763
-699434365
392982174
151288428
-579643837
279529164
512550930
861401838
-792396941
767310462
89374371
262299076
199114173
-715068007
525205497
-905256679
746769327
26838303
-516785426
313556776
-33373343
356904936
-99007872
-544709262
361269803
220899695
76945870
-545278565
-421057162
610574135
367418943
79348194
-28000592
-160054568
-709348926
-986622149
-914277287
738489002
-328546513
923225867
-542000582
-23035124
-528231732
-763739521
101751478
369316434
613695724
833673610
912182073
854389065
352744627
80072569
935269837
932645479
-747474700
445888971
475451796
658009403
768452883
712482222
-485366129
-815236890
-513186726
660573187
-767642625
39554643
-570094211
-18385641
960379142
-956067291
355445732
-140407594
109706136
-355569098
399759664
-39172546
478919398
-882069720
726224319
-512181284
-528428471
-629351602
-894190158
-886682818
704982960
-510485125
-389595783
202007025
-65376474
-535090644
187432687
599536319
-36423461
775679893
-149516908
-874534458
937659442
657176645
790121715
-640726988
550136309
137563768
-206161118
-43662942
386576296
-616347143
468851048
524145929
834541051
642923769
-714310811
-460340782
-801740324
-744413724
310643613
-863225363
-61250101
727874020
113900483
-94653953
-535758874
-984835715
777121422
525125401
850185642
29953277
97505386
-330254879
-160477719
411359856
-427700675
925249047
271427376
-788768855
-438194752
41765307
-817071655
-458137816
455853861
811538583
-440613509
355901270
66098171
-887843789
-303896598
305583878
-411568712
752424161
479836177
425358946
450132921
376211379
-94743177
308358745
-743581530
22657047
612538583
889218741
-770890259
394690116
88067218
-323320959
962187832
-57667261
797810301
922144520
-706825641
-549228896
516979273
-832176378
989931199
-809487043
198168511
130446280
-325975764
-180178225
-499531504
551960805
328835686
-774874997
-461855692
117334644
-13572824
451292550
-805610196
-752721456
-566610554
-635900368
-113361343
77900364
748682448
491426456
-527476309
-714777305
510633228
-217844654
396046027
-674091202
51440067
30388339
-268127999
732244837
360310713
25207339
-925373758
864571226
-59728184
-80618821
-876915034
943366287
-743627387
907638071
-902372151
-635857727
-196567042
238752718
-541811552
-708991054
-400331866
-126433656
638855019
908563603
-748756819
572973576
-618442344
765081387
42780916
-76849243
-665182066
-35653671
-49861144
500008776
-92686689
232082737
-810033814
968005807
-116551386
7263403
-983778846
-341094774
-818424762
-793364924
-591480277
168118850
-707473543
610698296
367312478
513683131
-331419730
-450444577
-882810532
-146798940
308351488
-268664373
916477318
926464319
960120321
-733561606
391839530
-840807192
-799303150
642473465
-256952643
530555298
357180009
278137445
99428936
-161512789
66314407
456808138
-218067557
835393483
813071450
-622371935
354279740
539083164
-685634534
-412476721
724650037
829958104
808526614
-413747529
865889813
227656364
-381649152
-365027143
-790002647
-605413654
-598792231
-750384680
-496200166
40349113
-819314932
-81582166
-562855975
-241367412
686134889
-770969383
996291332
-541327479
688392744
917380919
-94694545
-415171890
726376735
779654000
-231631686
-713733849
-233723374
-450012359
-387500327
941541953
-267444851
-651472190
161962270
-761485232
349109877
-784455739
-437494593
748367335
177799472
-85921309
820705965
-894954947
-345232807
-101796124
761651119
58936381
-492643991
-574115556
-366956518
-840383302
604279809
-457090584
232607023
581810624
-987956266
-959096232
560059921
413648133
-75761351
355696225
335583103
75088962
-249957256
410557455
-505801064
-419946507
-960450240
785109851
-455839776
719009842
981937071
-200320327
54261440
151555949
-345601567
59977798
526393487
-157598446
476252626
-675617257
57141659
-357978071
15268789
762910343
-17037291
-986474248
760793075
197430192
246490013
-461796667
26946549
376028006
271431608
260960098
-518660677
729285894
104941791
-699607824
-305023945
378008652
-165517593
-878323870
-197916385
-920415399
749114168
895662346
392811647
-641492212
221046787
290343170
311713145
861960341
142590707
458881658
-581537476
56161268
-531047371
-959804311
-119267021
668457655
653084435
-279533786
976553519
-968207135
-605380047
-339705578
-276870093
-678205977
237293922
-624960384
-210013989
783236052
-678479064
-774582147
415579753
-339669364
-577625146
963702539
338505069
-751800019
434862656
244709137
44504977
39532927
974027419
413975038
42873328
392874
-170547082
822539247
37396643
-934782875
-145409384
-426290736
-781622781
-512876744
63818727
647805074
253869168
-391837140
886286906
684152974
-626473363
827601222
71499852
-352977517
654970601
-162595423
-425759539
775654798
385042329
-540491481
-644564845
427132885
-245566592
-674770965
750222831
624881424
-438813808
229283110
880784154
-434657340
-780522646
-440484403
-270259763
-87100035
-476958005
119354863
-280993640
566367198
-687485591
-925045078
-220926531
271633429
-747269354
-376341285
-656187690
346521877
836274291
304583872
700904642
-94000327
782791879
303681741
688477988
-55501960
217874302
767652249
938300071
919866355
141347402
389673579
-80375102
-663657665
856335544
576042390
-524844781
572213264
-618813724
-342512281
-51304676
-838244522
-968908622
569481097
745964456
-958284234
981499873
-386818525
-222637682
-126892365
161482185
-844996425
-121715649
876724976
507575885
291641221
-628812660
-860613345
457818926
853902226
141751244
176787111
-106172185
-633782087
112799591
129133820
910772314
-632103186
-255352049
636083481
165334180
-644474905
-843063873
629681096
18228517
49830918
-328738139
-47864900
262212021
57873131
-886800834
606465859
-61577946
353841841
-776523504
-410003143
-472967322
-184722475
563397455
432197419
82726614
734844440
469814018
76805401
453740403
292314695
384296410
686481022
834342488
-334546187
840500721
46024199
285073366
962230673
74332602
453558294
181611782
668500378
947548689
705890960
-540409354
498429322
-647964036
-614258359
43129330
684836578
66817834
-2935049
85055447
-496486249
-48823621
8341807
-64043227
-914208877
-514182078
-824519585
142731375
-390093053
-407513273
497864936
-630715182
-470497465
-982737700
-345124765
-134074605
-967433726
426951485
-238885627
-356252588
900396368
995014179
-77832931
60333683
381370391
-969463387
-408062790
923310592
-984092297
-397952565
-354271383
63631832
-65446565
-364172261
-178179486
-866179023
-72387243
191981158
-815924298
-282925827
-792760734
18593669
809137898
251476295
-231046284
456088665
309717795
836734159
716265511
8523306
375953470
579694710
280984822
407779824
584368981
-904869466
133493517
-257632198
139124543
-114733040
521935975
996863227
639353835
572160252
168640548
-162983777
638094022
354012457
-136465984
-452689931
721227092
-244052886
942184929
-623186657
100223039
-719366934
946272631
331165091
17409278
794377360
510035053
820344734
743568419
-748036483
860958220
35586071
-111050175
-638386510
-882905999
499339639
-482179633
36940027
765731230
236041975
-698690881
386061986
-350711541
537829839
-338035184
480715206
413679617
-932639557
-804490199
-219709258
-40920960
-16378876
867679744
-195089820
-932805005
672490036
-622894436
-118556647
179226704
-976680559
95202075
876481667
-661874315
-491351713
115567722
-533971061
244273536
872244446
-1279748
92000046
-137001339
652313084
213773974
-975832455
387897580
-209903317
668882614
234293940
-82287898
-807853151
567708827
331769226
96885450
-501631992
-571827257
-331518576
946788548
285910870
141640236
-91829848
514039650
-904327749
-483406728
-197321655
-752970230
-963502552
742454321
922093097
-396092613
497224902
-976401293
-43035684
678506638
-893441561
-85860290
-807933642
312285133
578223092
280241831
-180334469
-576352950
-188814115
-216937194
-114553325
676017946
763700906
101899406
627990382
-599612470
911201394
980827724
110494857
743692224
-778108019
-685105949
-464427800
-826105398
338213712
790503279
123548308
-673787197
460204301
102342886
422831744
518849263
-527540574
541818518
912407532
829716987
466901963
161116764
-770971933
-185248932
-197635255
-932205080
609791512
254641742
-568131852
-369048768
-453774562
-285636288
864413959
385013544
-337310039
987261287
952116355
-908095864
-533553410
-460445162
-443573168
493984758
522070688
-718942102
354407501
108071091
-557620045
-443352581
-204700784
469636378
-837089289
-35269883
-816656835
-326612818
-751262831
982842501
428129833
800305095
-392960705
-47033540
-316258836
916887082
-682890091
919150379
-693750952
-401343266
197106168
-991312864
-349748401
-567580889
-874264351
467816956
109438271
-895423953
303964278
784463290
416474481
801935388
177536243
568309612
489348185
-420475649
-217690242
312396774
316286052
-351035089
23661672
359261620
36841222
-489439808
782048589
-257789746
755091047
-553851800
914074618
-753200515
-693740860
828910682
-871912144
476986228
222762159
463473832
217319172
428581900
675412382
-707687112
-393275175
-118936296
534217785
-34781350
888561343
903356638
-581833036
-224744566
-117802442
-263066942
-199868494
-632847526
58012722
-995449542
52370948
798358734
-23269417
917251997
-142319848
348096898
-185714699
-694493421
93114879
902516203
-685348319
-895351636
-655527655
-825425227
-438322831
-878590881
915229260
132670163
-687605178
561765965
734698615
938642698
518782527
700906858
-606991842
-967315898
346665040
-694076628
-570166944
883087215
751524654
322381967
399029423
268279427
-871020098
340735068
-250684279
554618456
983196176
-812264614
-498970628
-809201422
863613274
835889766
371715470
-917521772
76391918
-338605338
-293883919
871193757
-212562313
954203258
152972238
-65701971
796367329
16503941
820174427
-528819622
-462473956
-332494018
-833889418
52042930
-592708834
632081933
-966973907
-831249648
704017621
180717980
-568141436
981627698
98873649
808179078
295517149
-567276456
831238301
-680040845
-25637698
-169150467
-285083688
547988224
603737420
461485771
-588471849
-120012417
-981450883
971906299
-124851947
-120207348
-391637644
682985477
936750761
204832487
501931892
189357938
918749113
-877823337
-459069349
945131728
-699644037
266102315
-840572993
26056896
-43690007
-176328804
-534803548
-71316695
103486209
-387786674
200317910
377465999
-784130378
689032117
-617260823
-575451522
-986534538
52018708
-885815093
719110432
356844889
644068705
439321347
255314926
818679432
-472563837
352836726
-133238977
741606208
752898700
737320791
-317621272
-188593900
-430990372
-617261221
-175605167
88895148
562715548
406316077
-568746872
855486924
639886752
-327551169
774848570
7598922
249175764
-205854389
805328498
103657643
882974677
-560652667
-344996480
770686298
-355127652
104022879
353158900
809178500
852320597
-710915080
643032009
903267475
756833358
605536290
996692128
293042500
-923681525
944406030
519539745
-833748633
-714742666
-10175081
-755678842
-970788301
-429605337
981176627
-794949053
-939990254
496904522
-428080771
-812129122
-339946547
-433096309
-672720691
-200601646
-270915694
-646461350
-69813765
-792797973
199434227
-53782054
131626790
-217988519
-163487023
-605299658
244831333
706908367
437821496
213038897
561009960
-826851719
957481648
164255659
-296750259
-616424925
-463900348
-412547673
-536524677
902974310
865433623
165515889
-787624706
777875046
-201083737
60335025
671081712
-100371496
-602662016
-967369654
-359263204
-499518188
573054928
18615025
-785855913
-158017394
-29534071
732511661
-927613940
577367971
-819546812
766702699
351985903
521236828
-688941917
928439282
-934405146
-213011184
-828455093
-364319149
-495503469
-365447897
-851670913
-827283333
-812064382
-456016903
653338202
-65671700
-138101548
-25971800
-856368266
-945107418
-481101027
-388252318
-81056166
508739981
132029893
840334376
758577598
-936506467
-399464690
-417447152
-60665914
-980409603
583794644
562917670
-121684445
364401469
333622017
-113089058
480501703
-612829809
-421603986
243292311
-542193065
-824428893
-341040357
855594574
-862191877
-10741582
808867336
-340187021
-927902825
892684466
-482044200
-907696709
764728599
-459024851
854955718
579709827
-427179199
171895258
613423402
-742387542
-889060623
616796358
407128557
893609360
-418552722
620136096
-435801503
984825844
-412895181
-613590956
404320280
-281487800
92002125
873275025
-370639147
395456562
-250059964
-863388499
491816999
-853035884
-76275536
-995864192
458429199
708562389
-276993527
-119255667
-484790091
-484935939
-651028609
921546510
625060252
604176909
-241709238
-167976735
109978439
847227385
-601896673
621895183
641711608
49416771
-714729794
-265632775
572132500
-652265931
552313768
676109601
-429168478
728222139
149634543
-726151534
-444218254
22801883
199039525
999109101
144129370
607185617
-608082826
-344226286
-576040932
708805067
-889089838
-808222617
-940461725
-5511107
717306946
-687904568
-25039764
-649339166
-369979044
-175617525
-363132478
-512950703
-124829230
-783900639
132444984
-971618524
-695003872
196268412
695665719
788511862
-720805592
-965159398
834001755
-849656964
161364982
-964306981
-71422667
-228424047
-922278587
-305725543
-787056746
-795833881
127247401
44414634
474591722
552050137
256712698
-770283217
-711269283
-632102796
-303472240
-848462955
-823292692
282335128
343046050
-103060735
314717896
-887874758
48147492
-568513339
-128360984
950259447
769060494
350693495
-299618539
885023454
244000090
551354194
696582069
54966659
-767491129
663443412
801548200
108057363
710120236
-690701782
-405993805
-162591387
-871563911
-472069902
135428885
-801505396
905852517
839844892
-336074807
418725004
-338703047
-105146390
-128146344
-606712022
-508440263
195746326
992956503
-102342436
751129258
-651151598
-780262268
397024736
884517509
-120622742
639797353
-721923402
982725958
736160779
-724398861
-354278901
-195760318
-767538760
-382069038
-955282398
-599217164
-744088773
-399640881
-298362672
-763977727
808891452
-817334716
971804452
1574239
-128721893
-392719952
-471169156
-923922577
235654543
672586648
479161884
-271908102
722557444
16388445
648089194
-384175773
119503782
-85766529
113767005
600822960
-97766171
-164204735
-934531547
246944093
500787930
250592924
-204538458
987751038
-427633347
689120564
-633560190
-391527810
839887161
-24325590
-440245518
-74316483
727939026
37600355
-684614634
568633069
-532766906
-658377403
-264494813
-351240618
168898703
608644367
128675001
764348868
125790982
-766792880
-829693810
635899937
278964688
-790793405
279376221
-30011408
462019391
806446194
861813303
512231962
-774125676
703161366
-487647148
-26478283
-104311381
-246802532
-957840448
-291780357
534020690
875891027
-376252427
-382650752
146322415
-425158352
407875800
297143973
-969198598
-546997401
946978684
966264093
732110552
-97473350
995302261
560140734
704754613
-976222851
-781835696
316469392
-546008947
261139606
-543147156
-462921316
626428567
-373899406
493048797
436560719
756875580
956865906
837782868
-387349473
917324367
484374427
851214903
953518761
192336807
249074071
451030345
-131723341
-200157552
-914912639
-37233851
736539312
461298579
210140292
781122420
306713575
-992206242
855751697
950609758
964888386
670807487
167973052
524399517
-176166475
169346511
729407924
853328428
937390045
-144786529
-270368828
743691870
523655052
312272653
840542199
-501052837
220083166
817075111
209888676
-402593499
-919085643
765601036
-958071799
-392843375
-635150256
617418357
967868174
-687659740
363879814
16489324
-9194746
-761962218
-35701857
-163294822
133963557
994614648
-869984561
-867623809
-10069391
-405532592
406342585
-798870620
36779291
791542212
769358670
-745838163
-747710910
153345733
-111515520
-801750581
328060141
-659633225
935290073
-657425000
-24853521
795083847
364153436
-519680782
-341556988
-921789826
-307771315
215038974
111134633
920330648
-509168998
-786383037
-795865192
-827163661
287808997
249831409
373811423
642143779
-997969361
-692606395
387254172
-441908958
130170402
846405636
488608087
-604799579
789198074
7704868
850322940
211266185
91709714
854252682
-213401997
178890860
23360775
495532782
-192980258
546817419
-494316068
35723886
-678405221
-983755320
570526931
-8423709
292014770
-531660690
762653328
-635503202
-551118492
-671832229
-294491035
-425884
-723126806
938669030
782654914
-16689231
947564875
-398503480
-402937387
267399350
386502343
901476008
-599153330
694845682
-487335831
805578818
-135597509
-508012184
583494335
-197102797
-43565037
-966397054
-467760730
-46422941
-665728562
-844500606
512684095
446342927
716592177
454356129
940355070
170543474
84446760
929925830
-593722655
-407016945
279303499
609613284
402295997
-351588624
-871024717
-365685360
12841670
266098302
623554
841496385
-945891331
293577975
265081207
504357818
483200519
97283193
-972978241
106603551
-537469993
809311819
448201949
930315963
97204409
-409866757
2780278
-309010266
165742002
-828617705
-786103095
-523683823
-36750588
709169796
-328338179
888056110
-672998274
286283411
676390846
-756276778
143893548
-49042437
-850206920
738571096
539254751
718532162
910054686
-238880537
696746984
-552909647
72206994
367171090
434241128
-773376501
-654322750
515653456
-397385939
-227759321
569516970
599362152
381861727
84297041
-640602587
-337993456
607814446
-941824926
46706482
-336163158
194347302
618189155
203614480
-854694761
-435091620
-926503567
268002930
-662173466
-28758855
-604150176
932487115
-22790237
-968561750
31626844
-266819833
324430860
-962655735
364520208
-545136326
193473390
870165653
5022554
-668853766
2681936
-744487717
-79587613
-682986179
577144763
426631761
-877014245
581456234
-944091385
-850945243
-87567090
435105343
371842167
448186493
-982468317
892438190
-401298457
654540230
-578714737
-720978785
115054307
822650426
-717968127
-530008857
-648194599
-841584207
-197121228
642688697
55753407
-28558006
255724001
-984941214
443978127
894872434
774207363
572380874
453717771
-588673944
661678575
816140486
-406859369
948860177
-802825022
-340719888
-116818324
-359690921
-309502562
-266196656
793454834
915458985
-14542235
573172049
951530167
-682860944
-780841159
-124636365
-763997794
-224821869
-450345260
-797396894
854931663
-973630954
-249575803
-424780572
955491902
-581372451
-503840824
220053995
457342679
387624335
-203964032
359204746
-32554173
-699752810
884163283
-695062651
-705312934
498328386
662340002
890432321
-613042651
851509005
-932274470
695733390
155047161
826982686
-299875501
-404138841
-864067050
450456641
-252773912
-223343725
898981408
-109228001
-129023360
705903637
420086852
338763851
-626792642
312211379
729179651
-666625523
101764919
-130221946
-420099536
78464063
658704958
766924193
-630670829
523536346
174052380
-559907152
-50296910
-442037415
-329056580
-149557215
499551209
83431166
76992064
-941975264
506488917
910249034
-283029343
677933573
-54419544
346045160
-567571556
329464169
-438825846
-522163521
230344936
-439228016
96209363
695834947
-256020325
560247072
-51194635
977659246
-733084189
-913230495
-355224118
-520211339
-235818076
-11270830
-742525069
747492365
-194680082
620089590
796449758
-762321643
124398428
271097517
136277567
-52837473
82279086
543864520
-138254795
-907169455
-448939217
176311139
-434517415
953735583
-473944268
-242175623
752980014
725015307
-701900041
130566599
92249113
278140963
-495465407
743961928
-645525783
-434665761
-999795838
714634753
178850395
-800008141
-268103180
-897481630
-599335523
947798019
196669353
593812825
-830999891
-38675518
-150837480
179795512
656196758
-409355544
-795928745
-282717090
-954388122
-561231250
519988590
-315693162
-399330733
610846537
63166022
493437469
906146808
-923656572
254268864
743212881
418836668
930706680
860658915
-869328135
251514707
830943403
126224685
-390546645
532342622
537198019
-97626358
990924510
785378862
534309157
445567330
-968633588
-504861274
260655791
-443373491
-194400125
50518286
-538230558
157639753
-566811356
882237756
573599789
-189922134
-101377155
-292303648
-69542967
819017893
505976414
-664994716
-682467496
-321938083
-11477321
29619752
836466462
-828891385
-366295760
-721118672
469235570
341288373
-412568863
321577400
341022486
255887103
537521795
-579954144
-236366612
752125071
482316047
499607569
962378431
-242289484
-391149597
-830329786
-391350840
-805964760
-488947236
19817784
-796736106
-617260049
719612110
-356861560
-277112902
537433758
259450345
-276420202
666732990
937339795
-78077718
778706414
480493682
686878513
754604242
-892676753
-670298210
913564793
301655804
847179192
-677750841
-379900362
-694400689
-687672446
828797813
-460557988
-317570497
714590206
458976754
-754139596
426970903
834583131
466693024
-442099022
-888080152
172390244
246545911
-44949534
-160708082
770445637
333135131
441695361
42979931
608534893
956277014
456740520
203998179
979314319
214152375
-601790813
845763172
95968262
-391142176
-758309041
-436236853
601688162
-817609469
793320567
-12204176
101897273
157288470
-413716651
245556746
-939302812
-54046754
-905150730
378235165
-871240419
-435004087
985036418
-4323296
496683166
755352579
955328105
617532762
430755159
208487719
-244691413
-499794714
556419530
-802228028
966371797
-763737081
-803528620
756430259
-558367886
-666309953
693795776
-851830618
710165664
635749896
-344761437
-635909692
942059360
670808593
-974234001
552141915
-271424621
-339933428
787676506
-464273508
811804230
40051927
454398856
-442522509
-622305250
280512981
768618093
201622475
163501522
292629648
744385693
-391682347
91361135
-519612255
481852439
-888113921
-998519120
-645823586
563891159
-875370302
919815182
303664207
-482148738
-104305667
801597950
598602844
-1001163
-853752219
723369682
-34798296
-184283894
-391250947
-333221810
-754078673
748224706
519117874
-526727984
132771482
514456733
-122507097
-818169482
41351788
141699610
338771596
409908104
-931791669
351137027
178087571
798336540
-272577636
-259325087
963496043
-269961886
126746256
-908482210
-660976986
-173528878
-491396313
961781825
-30380779
-161953525
797761150
754134739
-583297263
597849125
239187140
-467462251
846083290
286304271
-834942276
-154352250
490000703
431115683
-15525632
-575004140
-505056287
841872879
-470896964
-309199048
894492779
313282300
-932787107
869290797
-529799620
-80121856
705774516
793862176
255229639
759008798
273446661
204625606
-78827906
463356965
-116772400
529154066
113013031
906840104
-22320816
506815543
957274000
220289572
552912351
-626675953
976834509
595680374
276622735
-108871822
-846639384
-852954505
786617140
-658415453
359486223
-145044687
-371896287
-788956352
632082925
70261576
36532971
30948259
-339558045
82747932
-331026477
759305436
818898674
725574492
547652270
83046617
-955305364
243624669
-22129211
-98287079
-106226768
-281893269
-954491607
-197686364
336389261
-400121316
472356867
-640672524
-934291619
290275146
-771746551
-590306687
-447509044
-620256981
-922973171
325219560
-798422769
551288495
-515493705
-23639506
-487392203
-220532173
-616972073
996673180
462925129
-487197587
-824941162
400202238
402604926
-868074023
-898112943
-529090481
-537118396
-804445497
58629050
319416324
-10179418
881599923
-683601716
475412915
130685763
-915235661
-225855416
615094223
-513367065
199162889
691334378
802885774
313427910
-958335016
-60843029
736511316
192597748
943635384
-8519737
327763652
496185554
-170278556
-364800981
-422396389
-135114594
-361117206
-37369432
385476847
524015468
659338798
-772770849
-783510079
-528025822
-439420387
31876340
-657000360
-190140386
-470753430
-3389767
-833590999
413841651
-692052806
-156922326
527085179
933099006
778130191
965373465
551053105
778937369
65817248
403315744
-751661771
199321814
-742502713
-934257381
770159073
-447424831
-930323493
-733098382
27355266
-882393087
352628351
-933951828
-467788993
-20540367
-266320672
568053927
-668606562
16381126
126351777
785171159
-20951544
610395710
-10869913
-828088814
142350793
-132426503
490211752
-997912840
-621746380
-905785935
-240907109
457808893
-659742236
911213464
-475194801
827075093
-337922787
170221069
349905624
781230587
-108418992
-425170950
-107389533
-404496355
850510269
543922892
-266972693
149797159
154431795
-255877360
-639716284
-53838550
-71015181
327793831
980896597
-383696023
280251059
371119269
-401920605
225896640
-224895298
503176908
772197000
-464368974
855018296
381322400
692932674
340060429
552204672
211293223
566042919
-189548484
-942991442
-555834305
101788151
-269578711
314258491
-981998437
955779914
912339916
92467648
-696339620
-443078616
68142421
598013143
-104582584
499043255
-222254350
670715422
327071145
-302663665
718345277
-406568358
671254212
643141674
-145391546
871838391
-299232267
806792951
913734712
884770605
210946148
-171893363
93479594
166042879
-928160410
140606076
-63994492
90692446
-378251406
435930176
-304690036
-216387542
31660239
-802852212
-856795432
773428085
-507732911
543501090
820276078
-158648937
316987632
-43738332
-870487125
-72431506
517081541
733916589
-723949499
899255721
386065137
450752457
502810698
-908491753
-919566131
-840949592
-973113855
-67925959
694002915
-157662776
194335524
-101268975
-418899623
497565012
332787785
726686654
619972100
-106674662
594732675
-54008088
492938348
374631432
-58266619
-724430263
653095207
462313047
975085725
224972253
-801030715
52914129
-644863306
-602506765
861276410
565414548
-5395492
419199653
972381744
-307677960
941823006
-603999867
465452033
286571047
-867603421
765478163
221894777
165718767
547020736
427748293
847513407
191250758
828414800
-740570491
844380191
-70290436
-138665983
443614758
976815095
220947911
-61503717
-169168255
393369288
951483117
-46434463
-333256468
-303702136
-928395632
-713166362
640342375
-205985671
226107652
-275921302
654859093
5200108
802247034
-378381266
397969539
661272195
391095024
605494672
-136213734
-51546591
-675494231
349183148
766537846
391342934
335513677
416082396
-68713374
-582428116
810031053
147048875
304905448
-942398557
-651385025
312949075
-173354704
798675863
-251382696
406759647
942070809
133650719
974413734
902642512
-963991143
697549886
-583037776
-501975199
927344626
-599625523
-920342473
-341888450
707330420
-761053832
951814158
745222994
-765196055
299757791
199636627
839910206
269796000
811765468
549903305
-558467099
505164825
900366308
-323525101
-409227356
195740746
-159282042
-248810353
696096396
-208941295
254264589
640149815
-169448923
716037459
16271275
431342231
-956454798
30313595
-184184305
592113262
544140209
-29503200
-809759681
-212251977
-590682007
235035994
-519909088
830058163
902710134
797425422
-647635831
-792401927
171671221
314630216
997638403
213792419
324978248
955182017
-123683041
-812377430
179636358
335198079
-379537292
-256416692
236741250
-338757732
85923892
218794806
-108815586
91319146
214098798
740722509
-779168507
887816915
-13577560
955092874
498496356
-967675462
-379604008
-851163481
896569888
375599722
-760257298
673872627
-965927584
-661820651
506965662
-59710037
-224986468
176567555
-667972421
-225285874
941716911
340616357
400401247
-433111525
276057459
-89126
719232671
607545090
249175693
17964894
-107333334
-636850688
-52725088
-858430199
-95611242
-598586695
693355402
232001188
221249981
183048442
-802920439
-696378752
243899325
-984932670
-851742552
482076570
819565487
-281614368
-60466080
-203771248
558528789
357452930
821355867
-661018559
-638516368
-487778725
-381481005
-530102273
99389040
-594672359
-69177485
180436545
620092800
744709298
-434238962
289593739
620349710
-39152228
-878341514
-654117108
179216814
932417975
-873084577
-578780635
-481196771
799875244
-822476878
939083943
822291483
953196269
-980890799
-764084212
-649807719
973733867
774721325
762230564
227781166
976109025
686385912
343216352
111960592
-878749016
-949619727
324477373
-333884360
659843294
948009418
721397439
-531975400
-476215976
-760937466
-364734889
-384260416
-969011650
271457646
-437446040
-744483824
302401478
565286113
677373082
213081036
-656052424
-448557923
315334004
881563862
-816338176
382443533
-901508970
-618229535
649949822
682856659
593994383
-76693954
962947179
604799464
78776924
-209001262
-277270045
-741244197
935782526
-43793367
-230919149
-212316875
200308151
251500707
311804543
887961086
559424352
547503564
19232088
-792549526
556524490
-775748024
477531631
-184981009
-804776155
-298352491
-603190668
14454894
-119113793
487113
802579134
284447531
-299579074
10863188
-50139827
-285679701
-723365814
955721680
521092473
-786188245
2334063
514268512
897038120
-856528803
16043313
-283548630
-666518549
697538009
62639650
-615152335
748555919
-427331004
-195228544
556988528
-199533060
-486618426
183385322
-970903602
358594916
-835703017
651844436
37884103
-740508995
-702331414
654563366
316389344
542858670
-4407818
44119428
979941829
-899869789
28575138
60225193
273488896
521717503
356815692
958260076
706731864
655335281
-293656522
-801979931
-840926880
666638349
515688489
399384074
104735360
-525719504
314261241
-723808890
-194580231
-141150248
980384831
-773697800
280349219
469948163
-456778008
-868559587
924052953
-890841637
-880604300
162721044
474536670
627916085
-500916333
302401281
-642801473
-950174957
-65834625
-904541342
-33169479
-951555338
324383616
442999846
-296789549
-288917760
75601741
790755212
30433242
-658151494
784780986
388611040
-944428130
451245197
-930426567
-913560002
546036968
919467192
369261211
278164825
860370728
-820611276
975594133
-373901269
-756180855
-53882573
298841281
-9345256
896970466
-25489252
969752115
529540072
203894016
-22437734
-236862944
-833964528
-14337953
228091950
830197853
-754414644
122814328
-507827699
-951187351
-935954520
986825557
963514902
785661951
131393869
888753653
394090310
540544167
306450999
-936707969
602524419
553009715
809209608
560505492
282776325
891721573
227347593
-270234435
-727328798
-718425426
-868089282
-800577532
-334900684
816054545
-95667036
582893672
-968894170
495096073
319121861
383741734
-810054597
94287112
-339976028
-633954728
267921301
805753760
-990126996
-243585830
-318957071
244357508
-32336708
-38371212
586749330
713960925
86483510
560920944
-15573359
-571997085
-70389975
799540481
773957384
-981377649
569199950
-265646204
825551448
59475737
763455741
717559301
168467659
670338716
-999872978
323765361
77667490
356638046
-48171283
-395064249
191255764
207909301
115312743
669096650
-299016783
-450909851
-440155743
-460931746
961192358
-689995639
842267752
863021490
-180504776
-9579952
-536423130
60271259
817307521
-81714283
592358497
305984185
-539513772
-908751730
-129694173
-955616174
-628727315
980557567
969692477
-204337803
779980283
68695491
593461708
630535895
191674860
135998625
-364714419
600729876
120740579
-278038735
753630893
768501316
-233456112
804868465
553549368
-606427059
814151378
-28905093
-184551822
663982036
623714055
552623179
-890355831
144211730
-909099665
644216286
-951387879
120590995
693505309
-749845226
-879077600
698164252
817992576
138920108
94033111
-733715532
-546232147
555437365
-268842839
-468415388
32743720
335773079
-819166048
-821407516
-384349526
-415366520
-884557404
103179593
554478493
-592765084
804788114
43914554
-53146534
-603486667
454599152
820016775
742044528
-959813835
623060174
-448130886
-416100910
416168372
-406364624
-403267449
-795135507
47195000
-897046437
-603870219
-965401687
137247675
-105730475
-473513377
601516065
536584164
-643686054
894889671
-963679961
-287468290
714442929
-750037524
306058738
560799339
755702824
-261120979
139747082
-640777434
735325769
662812761
-582340190
-260135278
918492132
461611453
279895025
-674490016
771204889
-867534900
-356135498
516465418
-563848622
617990021
153506167
201998034
-771453972
924406857
-475788947
-88132800
-610833707
74560786
940886736
214130780
-701238967
493298939
99002935
337326455
650807317
-190927390
-517907094
-746691057
-195919282
-907708896
324848033
-871514911
-440403894
220352516
-306286286
41387326
168512953
112876899
497644642
616257941
346067420
-218803243
-378001716
-837642329
877338779
501008334
-372213429
-408933488
-98098443
486478584
911257700
86062003
555050657
215883365
948596758
560909297
-192046177
-639262947
-748831482
-970893432
694729684
249515887
-291972704
-812940368
-340611339
429053036
-122352293
-25786569
-276605268
467165219
-719497547
-824865143
-627569129
-677809519
712972642
-574705771
501924441
859267963
-765282282
140722758
437547356
-887281905
-463137395
341304880
726152723
-498808620
-213059279
949879484
-741948220
673743162
-500376451
664132269
318143666
600316602
55843215
-553061945
-25675249
-190515897
936169136
443148938
-210956898
-2084734
-407552484
-542010390
-590888115
-745171771
393367620
405095964
-940960553
-388292666
-242581102
-975192451
-609783722
147562084
-215744099
-434402679
58064435
-990660928
-276282523
524141740
-969887073
288438656
-746973738
442191772
-635670812
963247552
895320686
-275763886
951363030
545542551
-984370187
-368374874
568366440
509716801
-250656917
376881286
-705607845
-440609042
63539456
755830738
240757520
995603750
830947133
-340151081
-510313857
578342359
367248960
-370521753
-733561792
-839374851
-603759324
513229969
526374087
725198719
-614733053
976959661
674299453
-662731515
11971320
52326953
184645971
-937197239
-580321825
95767453
285162888
-950911580
-184186486
619188557
972575737
-565684434
430758671
-317785046
638791659
509916479
404240332
-630283559
-563086850
-939815744
-203745921
-300675041
564751306
850009716
-547247308
614641163
-365357190
-664873191
-309254216
-845800912
-635965226
95757699
-346822184
-675325590
265857886
-33985274
-192258932
-175951382
996457052
-237946318
-417809049
157954089
-761122358
91592252
-307750264
-434336637
310224479
646849722
800131242
822521459
-71223215
-818635864
-388335508
-492675891
71792535
336689963
119206119
-608598893
873969343
696679720
-955231972
-575765189
-442436297
643833728
886740832
-429442020
-836605971
712704648
68039535
-64805266
-273432304
221267574
-253365031
-697708824
827452253
-814116775
568068920
-762885680
-139154347
411594625
265518451
815601707
660708702
-119240723
-427939864
-259769731
-718526254
982920840
-784586660
513632017
-69038175
395499134
290470276
-712619624
828546130
-14980572
50163444
693749321
764534711
397245156
-63118429
77290595
147611918
876873533
-117436730
-907261761
-225280899
-242873458
921170893
566525913
-475480920
173046347
-692476735
820748047
759280212
-995799250
-250376815
-155909116
-537081756
16838059
687883647
-736205753
746239392
-431470584
-545952655
952272448
583966031
-597390318
215157976
94600105
-86480635
242893952
210546632
672282511
-693625905
-645669234
-500698437
846485629
-702824152
737317490
-198808134
-532900860
533069551
346746259
834388339
552985518
-172926092
-14918392
-993202045
170701024
623424954
250072486
279330560
-397135356
416001107
-78215622
-451004109
80490583
-621850522
892480355
-939707549
-715055024
-758135085
318957322
-748440372
622139052
-791786112
-606117969
538887187
-699688346
-650036686
-83556221
108282216
-74032183
274234891
752864841
193599154
-216244960
784324966
-898619907
197887650
121778485
-957158616
-547895104
-794821130
-932257131
-673732718
375422006
-678620435
290350101
683687225
-414540033
-218446554
-297241459
-190519536
-924904578
39026533
801951980
-703091518
-283568201
227751741
733457770
-77213088
-574681634
-150522612
126231513
462385388
-830898377
572756725
-339091434
546197221
583092949
-892898955
-43130468
505247600
258129533
305431602
-951395803
-79291478
-997657333
786964933
606526835
-25941334
-675828964
-491077808
972713392
466984422
59622482
291919607
36352704
-636082369
690964198
-203001548
251278945
-360693357
68931883
389865256
608822546
-575352738
992025990
-323057645
-369560674
99735421
-462975986
755129311
-198618295
-11686642
768568252
618372311
874446485
-738187404
893869391
468308597
-313849679
-475436681
-928003649
-379857064
33028479
-392294776
535103067
447255636
-124018623
-541419231
-985046911
408361636
-290773281
-365157045
994175738
395898682
579915735
-742751943
-349403408
-141264585
951019713
-792728046
302203532
199927158
-304735362
-960697652
-272054480
576844099
-456660995
-128283852
312160590
-254661078
-417025879
-409731830
630157545
414606195
27786568
-243021420
897804663
-100851837
-450382493
-542236034
-593499797
-421464818
537335059
751564783
68769540
-19595065
-549278654
604039031
645809668
211885030
-420333245
50854619
-62147780
-873144625
452941901
-88231780
-275759385
455782670
-48027385
957371997
697437822
790676492
145501201
-580871917
-793957224
929844872
499626207
833598342
-743733984
-733167530
-183419909
-702749769
628133390
-844337508
-815820904
598564357
-276969964
-381919599
-403807861
693186224
802996172
601539167
361534333
-192067963
17200512
244392484
-981240627
-334208846
84922261
-955985134
500828160
793719736
-373823596
-84115787
-510859803
-534151299
603140566
516398164
-201131958
-352277887
936859596
-620700047
-216996268
476692521
-268555032
736144511
-523255241
573753388
854929476
615545395
86142029
-418477956
-477347614
-193230717
101973532
-955158156
-782155379
16759792
-711032114
-450135648
-854065283
221406634
897518377
-392804058
-584885431
-467932313
-753377012
825518839
627545650
-558726972
507542048
-415697745
-37232274
-394536654
-139889537
-231955570
970215584
696766078
-177046669
-151154927
568803689
429565435
889386582
-758568148
312502808
-555860403
286389287
52224381
475795413
-712613407
260947474
799969755
-965310028
-230356660
-850443802
-331942530
944428754
-295886278
881702749
606972797
612289478
-915258977
355291274
-579534433
-652967046
-549002088
790240901
767819517
-670523134
-151013063
-292390304
-217809400
494343954
433552987
-350962710
707856210
-858076159
-227957639
-610168186
150556406
-293848082
-842014166
-802039529
275832486
-475376069
667449111
-75884977
-666428981
365523304
390070471
-329757333
-892924473
-634748489
838658176
-864649502
-974431886
908604201
882674078
-555596842
459746239
-417087038
-651972694
887248850
-260679459
967336476
366714373
-557878602
-177437699
110033067
-220469495
316833433
227273915
-557238924
51542387
-880827347
-740645321
27485728
631127566
-930469861
456517076
489690931
479045121
-890930040
399065997
-120105386
554406833
679389369
-967612945
-158431280
855746644
759777491
142554039
224059667
392011796
307070907
-963659149
-719845669
371758364
479391304
-136640015
-126537791
-4769401
741072537
-104498890
-228722416
-600159564
-660018193
300984475
901547760
-801185306
712263379
20271461
790740660
168842861
312799155
909831359
597171781
-864360477
189204414
158048020
544200412
230897716
-171002919
-791257478
766236657
342329135
32855217
-404778936
-676801896
497981679
90204882
755834458
275690136
155314337
401901168
492205689
-867665032
948241164
248973648
210802104
940423201
562981623
-267330599
-545797954
-305495635
-628907839
-787700919
350566179
144085048
715635666
45700822
301185612
719202198
655205392
-558638184
901455271
83554973
-296234304
-610299004
-117661712
-811613199
-284917577
-361931379
-12240390
119723144
-182072329
-484162946
58068439
866059820
-48216001
116150065
-397087934
95597367
375009385
872987752
-136174206
107868289
757421698
394490788
766203153
-601801777
-218377206
367771843
658147320
918532278
-237525408
-561428580
419867313
928600272
121919042
-635449780
728637516
171951950
-128202168
-717624353
431137897
-755952750
-602659707
-625498039
975420928
588051672
-602059309
-999906641
-182090131
338432072
995294933
-280303139
113430807
880000409
442106376
-793838691
469906378
-960437544
-389596537
-975415650
914687348
176650443
-713397086
-921431771
-420268385
-656763517
295776432
494994982
234544458
342802395
857334961
-150763243
-179323588
-739568845
-59457275
-361031909
280754048
801269644
720341230
-744935536
857380741
-181831346
-329596170
-538599995
-215508836
-227692487
-257007089
434518766
-828829394
-723303259
-344164919
578088611
-516924558
-562520459
305940028
995710631
966655437
-685687993
52800698
-25430668
-802816001
128656604
-850782774
826147516
-583667035
171372396
153659773
526402133
-25383721
923468708
26437343
72359874
-491453967
872894013
632112265
137803866
-689516176
771100474
-537360300
-403300840
360051442
935862974
23963688
-109331202
235708511
-669598329
495330802
895950887
782907147
-97781581
391469926
-681537119
-907732179
-159280481
-126034541
275537308
178046170
-995496753
-640079671
564406029
-564336192
-818780422
-682728830
-996721191
-719799827
-570533016
-502030288
959080728
334629520
-60664285
611902633
-444844093
104872426
503546635
-874372685
499590377
-424093408
-253779689
395253526
971305403
266416614
-299644579
445402820
-211141430
525869152
-843093463
919250485
-496405989
921720343
53685297
390527326
484278132
623484235
-767025959
-478682311
-225145880
579212713
177913198
474346017
586831051
821192742
872723964
-390813024
254741787
-571202792
-830956596
-12606107
917277066
-3770751
-247896706
-692168108
21881641
-143183251
-65616193
855132856
-93955406
504498545
-59683418
-188982124
844555890
-293193389
-891503696
-429303529
-480348975
-783098936
830644269
608715096
207584073
390808370
-396977347
737204318
-696509366
378722497
-674838458
731529771
871691943
-150832213
-682100904
-861972405
723863125
-345143548
376374114
127796191
-338697049
1098071
208801739
785377577
953096873
140757241
-639806627
-303363801
692649755
-582241413
405366732
970955606
-922650099
758837817
-246233113
-879066729
-509958124
-885412337
753059418
-389556177
152235051
836036381
445072361
66320151
-417993218
-415750787
-197410730
-734627919
-31433139
664424645
104517685
896020073
-300090012
902056329
-583331347
-970539580
216768105
-961508978
-165651914
-153118650
-913178535
239310552
352180498
937781472
-908595629
-860431476
-590427101
630240893
284952725
90839807
-667647963
423780578
-248328362
161164788
-736535567
-418073438
-882204434
432269960
-124956252
-768714573
151303046
-27054703
388295003
-27984989
-990134433
-223750112
-230949492
-343383576
190759867
-329063642
-238968060
-910768300
796773171
-456108423
897099175
-835297802
731166297
-296676801
-387064221
180082223
-562410788
743507178
33738916
-386029582
-921379320
827259356
-860192609
-213920571
232506947
-431390532
-878756390
486970393
-769878834
-685610280
483128001
717787687
-683836778
248081017
-20076905
274955418
168736041
122164562
-318049289
-253659317
798724437
-116499438
-312992250
541186852
-142951073
-360863463
-740356552
494649637
429868253
-584976314
-512940869
-258540667
-30986191
879450607
-828358928
775578018
-550538518
812919795
-578331153
492562968
149007304
-534106331
-255682458
308928802
-566804266
883547786
804030219
648663281
-245425149
115269558
465270032
175455540
-753101617
-851531641
-676588219
954003279
118035539
321322814
159900447
-200246641
-817386770
-511882795
517627330
243524615
-153893063
260758668
-954019530
955943421
-454343360
-736890693
799129829
833030957
494726558
75409658
-684571709
538793805
-850559937
-75416128
-327328285
37813819
759632192
-843572835
-524803802
-122615867
175869427
-871416048
285075214
-608354795
422084606
554037766
249238960
914715831
605248674
889798384
-936246840
-350095800
-922816998
-697655321
-113450306
-353962726
452553983
636933831
855042126
423436406
-901375923
-188717889
787374334
-390947612
469397366
-315463087
946241223
139173594
-870220562
727698401
-394473370
682518673
-978199446
-613892991
-407500609
569732652
-724194982
-422255641
311399150
-169584143
-500655354
-281235072
80878828
190436021
-658667452
-294416739
-692460837
5506647
307637460
-527580725
-146004753
133962338
-87315880
-306711230
-318909960
302826710
315875058
-972852621
-272232305
-357929215
-759739524
522798276
511176925
428303494
754423128
-949407485
588558463
-246628336
465547783
648060457
-827823425
902844781
279264295
-83077328
-320452048
-789658082
19922377
468965723
457839309
402322167
454326210
478567943
464672494
-493555056
122787889
-565727927
-975666227
721554632
597177560
-787733606
-986616428
125084063
875610932
-783416446
-676363628
-842483043
-154416388
669079124
954407151
-716901768
348346388
-367631829
-902938706
856865430
-725278419
-754945796
-715927413
798874496
814984525
813891965
-155611164
26168301
-144594022
422088751
196744589
-69026333
168130213
-84540027
-802923107
555571731
825124127
598034431
-407484823
480611142
-279596250
476750376
836917489
572266771
-6991494
-675893147
223323130
295554553
-177748179
257962579
69070538
634924175
-597933081
351686731
959978879
356451794
814566611
257586951
-746438387
494658206
-421196246
944835422
684616914
999117368
-39781542
959076395
-484749304
-88668206
-216450996
-271642714
895947364
156852845
476257990
-262933821
-821054329
-830849672
929906438
892545224
550129056
-192950942
-169560254
-891537887
-113039609
150030335
217825022
-938325664
-825826422
778587769
-300680277
-137113539
-919762458
-31536173
424557930
-486792658
-319912879
229110299
259655150
-624493921
778290996
-10248148
48454527
-304145201
154366198
-777643491
681806362
480058183
-692431628
-704471478
377590965
472964343
-196672628
239468797
-298239839
725621230
-165936807
538384568
978027785
-424826443
396951417
226845985
-127260521
778116425
928384777
-592774518
363052724
-373773902
-242394084
551635442
-526405561
876243293
-63336799
635828987
-631274122
-732803605
-727785528
-503984
-560359266
-947130653
-416791721
-739395943
-153702845
-931129295
523174547
536829317
313810505
-545514619
775752911
-855088364
745006242
-99657343
181807727
336429573
518459723
-53757373
921652135
111404408
648751583
998302866
-345194150
-417174237
-479260090
-270828124
662168100
-63915216
257710985
-943538829
-354220622
-934572086
749745208
-916939056
867278407
875492148
-679197892
-826802629
643469979
-263028773
-524238155
840070159
408678410
-471376309
-239579176
-340667837
-470593039
119803808
292443021
-377258405
-703864656
-770544820
24587144
-329330765
888562090
-103981473
21989777
652708525
-915381567
69381954
-726680389
38993213
497595529
-357124579
208378938
-761973916
-275077868
-151175378
-888597217
-73222853
-443479692
945904601
-988847042
-312500599
895572486
10280969
-881970516
338579369
118139115
-32137271
-646651544
-684820186
-857653488
369759789
-834188255
-67564278
-28723501
-343403595
-567385371
-826837547
299878143
287074888
130303861
234638147
-822129032
-46326543
179532911
216783148
-505935961
889484786
398060008
-567351653
-852306569
-934660865
909427644
-704218114
-940055468
335272627
380190043
-81119173
-64243414
-494121843
-841099878
984932504
-347773384
-441123244
-788124461
-205749958
-946210052
-555743195
-135044311
-76424391
-22953650
471421723
-157493015
260725340
-162334327
-153246055
-848211188
-210670474
-493426717
-998178762
262055385
158446684
-904321826
701644870
-939645017
410927831
867751169
-759804480
293281073
-292685124
-311841197
-821693086
400540262
137245147
-853842881
406059743
691432778
-951104811
645274096
-26877724
-881792694
121590705
-184924322
575302102
-444080941
-866073843
551695257
-986634920
847041964
35296879
691308982
410391529
478839024
119718841
846926419
-482827605
85338278
471928763
-646497336
-565747394
-707972865
-382239773
484358891
404616139
285929259
358522127
-347787648
-605494499
-154217512
567758211
528240444
115018985
-707755192
-595405196
-522545618
490673421
-986351161
-80550553
-456695369
-317565596
-609777075
836982564
-8704834
-467107284
213259595
-306444519
54760363
173579649
204676739
-852249030
437805305
-255258630
769016929
-475080502
525641786
-707005317
-168368168
-366922039
-664842447
394135479
-863442693
580372253
-197470907
946562721
-692593520
-567945195
818437214
-287269253
482977653
622297230
778438193
-591524734
125179702
-492434694
-770807837
606105305
516785294
128686987
-491197914
-445475443
828676117
224399477
-970224132
-357798894
835893737
233546810
665927888
739986111
522343867
-29503889
-498486751
350400867
929408343
-867962315
795107302
388008879
136791577
-222993426
576663351
314375233
282123430
-110413807
964092575
-807081149
-27829270
-537454682
-134874461
-302801616
-117800535
739617229
-966994701
121615287
-575585596
-678640521
433345581
-639362376
-629243637
748074552
-607716792
929268587
-687536967
125770549
-334430301
286076832
-421047408
-55914696
980848810
-814485728
24092562
-888426782
-141034462
-466333389
54896473
-585500160
-854705133
-187356101
792461843
-386381578
-61414577
601734526
807137566
411314007
-212002398
-999374079
-160534212
-890993257
-597823336
417337743
-63773325
331895768
-532612379
742017241
605730784
987934837
821847991
260823557
-510169044
115132689
-946396531
-278237155
-310307298
984700842
-662438456
-314175780
-672919215
243273798
519851656
660043829
-814993907
-868629884
842294104
820764569
-352327466
-214125875
-977193192
154378527
-200991719
-91017220
-985867082
-614988516
-607665061
248941741
6259441
562702517
-553570933
-466468467
-534131510
266394006
-211277800
-826607345
700047971
-89238205
509968998
-245918268
-933032183
-450316820
-863963956
-93563358
554034224
467478071
1259426
639503917
670702540
-960456280
719971104
210901203
122203942
-60303518
798471785
-248142839
252363359
-425926005
-349322798
592602102
-335910440
391538437
351754740
711893498
420318100
-247143450
-243026500
-56488329
268751456
65954158
234395813
-369496647
224650157
682208686
54819490
348235355
-290446014
652236784
792526782
-238653080
-975700931
-33443106
95428727
-798962639
841542438
-920511458
-168141662
75319971
-543653865
-9355010
396677609
-952835503
-734051324
828328340
-538316325
813341721
27532315
-510960777
405686045
-808814986
783884102
-585806316
801840061
7856738
-180813362
307491495
-512301850
228874521
267366900
131917360
-689862849
714086804
631652672
-707322416
-173285458
-630533972
978522474
905555181
-493642531
477379829
13969735
276843730
444270190
-933888575
351175614
867877136
954325396
-543364327
-647908616
479085138
838649506
868181698
842410138
-580888622
-963218700
-999407741
602443209
666190350
187509582
-123129178
628609635
528823367
-375937682
493529249
479961107
-613126313
-881921055
-19766036
545252032
-118254903
-66216575
940584341
811114022
321811086
-88366041
-80730450
-682130357
822434152
406260527
747459317
-707400474
44109885
215269141
935268447
623863383
297551483
371939067
-400715518
95612179
756898467
442430471
779200379
423691708
518621870
-148763182
-391630709
675052310
293578404
-579915776
-51667656
-253969792
-518583150
128822345
745585936
384777743
-765120102
803939109
58108557
679951942
244410916
-962810605
-254420076
580158835
-62405837
838367256
-523379032
548855506
365559918
-665437988
-731301291
651290028
-755419297
363868245
-597474689
913227707
194933599
275578797
574208159
-253106663
440828497
-493381863
821837810
2080504
-139536623
405246039
478452891
537343658
39860679
-550427262
-263357253
177880980
145778834
-857806428
-383320671
-733327426
923259340
-644721641
-161517955
-954503127
997027141
-221081185
-636162569
632452493
-146119376
-224966111
827398159
-856168114
366985575
-62363534
254493728
-411017896
701142167
131736077
491008892
-177608787
92801906
-763469285
682223217
442132921
771167313
701456823
1117087
-760378080
-300600931
856139626
787143342
300033513
596224204
-368245341
-552231694
-608329221
960913799
-392137550
-192214041
-349781577
-548274358
-217161991
-903886775
197574390
359697031
211930216
314107418
312382951
-573790379
-4819536
-328583761
-711290266
464914912
-264728897
-897529026
164655255
-886828771
261922736
-638138702
297291138
823043771
863261657
733913259
906922967
-77581769
946909608
-168375094
636359821
594063720
512200844
-397169421
-445125364
360068787
-888527931
220673221
-281208509
-425134475
-116003708
162502312
805110295
-16944232
324236470
749594614
-641803183
390448051
690653199
452919334
-19058170
866226563
899883994
-218770121
749585883
625627390
-283988520
314834071
430093272
744184061
780584614
24204100
426157752
533393741
831421327
893916060
-300626351
-547784239
160332811
993211984
295277211
735093191
656993497
26521719
-481874594
638554403
32576180
-627031873
-317913577
900509365
-652173890
135970520
-448362316
-362248636
970454886
-982880798
-383519062
-247254852
-259400297
-441956927
600361259
-592911205
827047375
805658139
-759130386
158113378
-971355652
-659417724
-318081968
307665679
-117097870
752292224
-950078572
520470581
833092856
215610679
809936715
675087101
-168912716
517155023
-802110181
578978024
-285725991
44745961
507988631
-503148403
-381007901
-474541933
748024726
624806075
-628052330
88655831
-790011140
-187270158
447012357
-402163498
-733220814
-385645056
766090468
120554661
775422446
-158837734
693756369
-545137455
-478755808
531973973
-772242109
849852684
-498675850
716395628
-600587202
124392106
-989018947
534806726
81903780
716838383
478042578
-30646372
249687929
262128519
-490545269
257212451
946681886
663611249
983699558
-389418754
572438592
-291404935
-258138317
-184605280
384293639
331072859
-684414783
631075953
963561966
-417355987
893644301
-388761363
500006170
-955092278
-216365702
129601030
509691193
-125822737
8565313
110816976
-619334750
-533535063
477378426
840230270
-65375276
-774996171
165090388
-594375663
-824392900
568285445
608405998
709469739
43895007
-630823724
-798390782
-587965897
-975479515
-588897255
96865904
-644920012
805006127
328546317
755991590
25571887
298045652
-922275173
197197825
-932393217
660671496
300049218
813331573
583692104
-901191009
-148571986
345528357
-242962267
-928226830
-827709547
-487413902
-339488748
20924772
-284553225
947996211
-978318962
314974998
-395627231
-180973148
-720325627
635693292
-791075680
254349676
-346014113
595208166
160390434
-441025342
23975373
428820382
785578677
241930618
-993529311
-414273352
-930811294
334264871
-215197952
656246067
976384055
-549829299
-457135679
-950119938
-104348426
632593832
-276339492
966587106
667171641
278236330
-342526828
-912114973
181807952
-392796003
-935543801
-896277929
-357872400
-785338011
-761522440
-180776541
113448419
290891674
-587172675
527279384
823764453
-35731755
-554164998
-120901741
952928945
-32823696
-822436680
183055450
-917816491
722848025
585493559
-20559551
-916667567
887830657
-917470703
917283553
658478587
-77874268
-619398825
-801117785
781415206
-19239130
-426635768
-604722068
101859801
480142003
-421794350
-675662562
987166555
-113262880
649365188
-940018979
239033403
-958906014
727843922
-143064952
534715171
315150293
-589952838
-898277689
240660494
740935283
-569634097
-473447893
-25429225
190224261
-614571219
911151340
874621580
271988723
-254437971
197894602
915283856
-167041936
-662665447
-94244708
-45507658
-409511432
-77118627
-493302530
152108528
-265035956
-975849467
867681040
923198432
-76407246
-771748205
969047102
-441581451
-154087124
249745714
813735525
-712535550
-21455779
633467554
-155205723
-583869721
296315261
209302383
972638579
267026074
-700916434
-827492147
-866010110
-234573549
-700477335
-416866969
-126040263
391061079
-704780094
-80039213
923493289
236253348
-286308779
585464481
316410330
-66481750
915245194
627533091
-461903301
780223624
592534046
-917816306
-201601398
451782279
340992765
139948878
-810443670
-506922753
-967762999
894805039
635641548
684352821
-661663913
467900252
732872729
-512087539
-894480487
475147335
-962143317
-746400860
-465026145
-116203250
587047740
-354608976
721501977
-963460658
-82320041
361680209
914361709
-881868103
589941136
908197230
-550987704
103450442
874351073
-523631429
-610492277
218295989
-318040632
-903381324
-700985440
-850985919
-205164903
-700473062
-634146494
-953879981
483059799
139157570
160805241
-506319933
-853020994
-954393354
-408682897
-339087808
-335947683
-623045143
411923811
-549013151
273713626
-341756204
605433015
777862216
102222681
-304840911
56708387
287882229
-216182280
-768877933
92933132
728454181
441884529
380232864
-423053073
-226419484
-10880541
848343725
-411176969
-953426250
-391127638
934829300
181216175
-514430102
842178932
9490386
662892873
-291081173
252680805
663078717
-67989606
132244894
35463767
665857797
37122259
707623038
406462438
827578533
853219868
-625761518
-772762852
327339344
-223044301
-548605489
874307171
828374117
370494193
74057754
940991781
65085185
963167349
-415388886
699742722
641335982
672576751
-378971892
-380488019
239897912
691740171
-841675328
-971344028
597420960
-461979401
-452790143
-412822518
326532650
511233555
-465960158
-372797214
-412011631
227255605
-898749036
806756586
889726299
620826773
-168042620
751989714
-580688057
662111324
-281316831
-342169193
-134472734
-231437116
-138128389
-212490815
290259000
-269536021
822823175
585866293
419086504
163827770
-721590081
-823045705
-602699567
-558747540
-126772122
608233984
-179674968
-887492034
-203128983
-504840840
629803180
-349230414
789488609
-309636975
-872143056
497245494
604055232
-383993641
-124530408
-150580515
979012376
6215199
-776418601
841497921
-387512188
-502648378
773803712
743041952
-285194716
325733770
-308942132
-612448203
536131347
764693229
-420319950
-223962033
-714690811
-111237754
121955191
-920270083
-527453000
-325959161
112441950
-677066587
999995349
-793992413
409895303
327742209
-191192485
-979352806
507381553
790146746
-981774533
-611533854
45821472
-279608161
-711321597
202967027
-517341286
-867657598
-904639566
-801847888
-49505397
967406511
53280938
640288621
-841365304
-502481654
210817987
-55059935
-16971920
633870532
-355121541
-754561879
763504495
34736569
-210071988
222781878
-106134244
-801616278
286377750
660928085
190459394
-709569646
538352316
-523090151
647319484
-468650393
162172875
-820486681
507147002
612921454
-791588524
-90221986
859841696
-220666117
-936353318
-819271967
-535507187
-901728188
113888103
-165696446
852600185
-419479519
282099385
613316108
852337527
-548245917
-139578470
-321484435
76137114
345057486
-725762995
806064318
-98588620
222270132
-365306332
-53281359
-932303559
-613288913
210755887
-390257642
-28097981
-786130182
885401870
282654538
158912943
301641452
773474536
-888802244
-860122093
847193204
838230557
-154969676
109450345
710594612
-359877724
-155064102
933899061
619512514
81883899
-615991645
-770839551
-213776061
-227818935
90806442
143630132
480465144
605887197
-34229316
-174141877
-533350413
929142004
961775834
115841464
755431142
-897539545
836866140
-804826537
-481389033
-865155980
938222898
611774601
-600047761
945777638
547856966
-523787537
-529375310
-890321692
-796150787
-244569910
-399646444
149322712
445327164
869811434
158491721
-122209092
102794193
-441634201
166760208
305983963
-126733068
677372962
-268416962
222179550
820128425
931197003
-418950641
-593847381
-714443142
-340820262
71436219
920260317
-803314734
-834543789
58995464
-411368458
-50216124
113688997
-365976396
-935526292
532307690
-430623193
-735084164
141286548
-560156172
28765853
-17761037
21743553
624974431
-388498735
142384812
818639744
121035806
960339707
431182468
246555424
-879220503
-791274008
14463813
749115073
-801990849
871632404
735859455
855000583
-302037563
299782702
365811474
344540778
752568197
424175543
-379850048
726693192
433477436
750545551
408361391
-237764830
-374792223
140394184
-196964381
570621993
-218921428
-679421865
832693485
890198849
-702677889
217140152
419713811
378842567
-960407861
435048611
844066588
981162207
-77520530
-445147328
-958495
681000737
-787107380
-825722455
503559233
-121694294
415632146
-838270086
-688172573
-659977003
383760639
-352820626
626836173
-503615643
1201350
-830503271
-325678570
-412241332
-690271169
294048180
-646244074
137622028
459876688
888464239
702161653
742288090
680982657
-249823497
814111849
468930757
-173663224
510410512
-437984884
-911992875
242995700
469721067
373455607
-177241229
-12831706
688543889
-668573868
-6813144
864746992
-621684360
123421570
-542846648
783737400
448856926
934630824
-179191721
227790132
-584901781
897198726
879028544
41572802
-567000875
319309675
-459914925
637229797
-771241690
-888601677
-873168362
-678237469
261214098
211656672
-298348152
-551328172
735209529
-823407974
25541782
344570541
633539821
-742180025
-371923289
794022762
-875637742
-244048829
102621266
228093912
302248863
42546991
626674556
491991617
994554413
-996151093
274015011
-845543266
-440895115
-813710667
-315506552
268326070
959821715
-851871307
730257051
-291500543
821649949
744429684
201860103
887719593
109355831
-472279852
-640437709
456033160
-200040483
-125829037
-35843673
566218206
-624914904
582957100
-566483900
728506127
-658335680
489220001
610112048
681778458
580974675
694802956
-187648999
191980723
848208289
214901636
-12935270
-713762050
-564778829
-303409226
828514538
-37307221
857487883
285754241
-735600088
-527555657
-785257028
194718941
-403125088
-307800720
582953314
-347077010
-430954625
923657934
-175181993
-177985483
-207579250
850517847
-729401123
-175062496
833843228
-765172879
-374606036
287668536
203329178
-467385330
163395572
48712520
479347667
484783357
-33702171
849655601
271015481
-139993651
610366794
108908778
997869402
579981146
-258870832
755981080
234702450
-77920267
235240037
88580166
272308761
869748788
235995708
-870488639
635714333
289167955
984925676
491581971
-158057878
-777376187
670779320
-129711846
607948266
-181723196
-459066919
-483356528
-409754280
419400041
653907402
49447022
846367240
787366084
-875361947
-920105567
44087280
-482805545
-132974825
523421142
-653709381
-567409220
-606760240
-213021610
-828449463
-251798800
-530486713
585988866
198244296
923970434
-857263235
-728572509
-678305685
101854919
775852190
415101854
-377443898
-445838454
-950165422
-390997134
-631887323
-498826143
445450403
-819760034
308976009
414537499
-64911738
392787999
321705280
5497173
-20272120
-459985193
-828636384
957660204
311891734
-575717622
501608031
-115465972
-179762455
-582337599
836245522
-30307929
823850508
953463505
175576384
625086219
296656182
-697338717
658742185
32887226
186790808
550307322
-578380541
992331551
723405040
-149357299
-902688832
-804229820
-649262529
-856223890
-601990658
513751694
798040777
-962903765
-563376260
845761979
-384085351
-708376203
-429448725
-210530865
-10186298
-993522403
623215335
918127397
786118574
686657371
112455638
628924628
-773110354
-945070342
690641978
815497774
-834772099
-964090700
361068182
428359266
-904329435
204198393
562369601
-564665697
-840442325
-473903075
-530034421
388942463
-456066957
-337613363
944250249
-19078609
244947150
79994295
-22880215
-959155966
-178664316
829864391
963317845
-164641484
581957278
-302441413
697992258
578896199
-412443241
-567319744
816837239
-838059076
-432362152
197709221
365426920
-105164177
894118906
-552174218
-358230908
-715407419
616577194
812976697
-394346517
559978610
-359410010
898284740
372722493
629136356
-840096157
-99127623
-869982450
-227548848
100060881
682141600
-623068043
-290829481
-595363658
-875286113
-633738172
-285062060
-946119113
-431685672
-456478894
623878643
-205231789
-490490540
335668361
-609865729
-778887337
4424872
389808107
-293191257
885782494
-843958620
-75310013
-845635021
-313380447
275339280
-725123386
209797695
-934385547
939385666
630389037
-366597692
300159702
413245043
-180810279
-312093113
-76370971
-566688672
872827177
-253270376
16118579
-101844779
468266041
-385349106
-558395062
-25317205
81954844
-114890185
972288107
700377193
382143954
507058656
-691729086
736267123
129990232
514705351
-452265759
180675127
-254137152
965399653
239870010
-80707194
-776407999
-8242513
273628119
530297947
-647187888
-339916870
620071895
-395402933
-888167373
-791123334
-386754171
-299297510
779342628
-351470170
995113110
589898857
-485238498
-675639880
-529205619
-204543929
-321438448
-736091535
461187964
-111304967
599225970
527593185
377213550
-753677246
683380249
337385992
-176418482
256512614
-530225007
943490363
-68371672
-547248581
-167306208
62948888
-634618629
564836982
-970115698
-766541634
-49037345
-724443713
373582734
-262970834
354634007
-615068332
459300198
-906458111
-581555810
-51538649
622629907
-563852096
86949298
848899327
342320159
333346720
-953089356
383775770
-429136913
-838182055
-990092978
70423744
853703226
-999660846
-71547829
-560149895
-338060999
390425640
-354637962
-441729984
-205992021
451888414
811670025
663881903
161443461
734879430
-210914163
-384241349
492140665
-573218857
246772313
-157778751
-783598913
-784007777
-400800765
833866365
-598806201
-240116346
945351031
906220894
363552464
110279547
-465208721
-535824242
256128938
2927241
-357174624
-462473577
-821394157
448965970
225882453
704011723
-985979220
345961832
-337129461
-826931693
713861525
-81478626
442389187
361856530
-39747116
7497776
342214605
52632485
-639766547
88906870
526359058
129548648
129475904
665325102
22609406
-553911726
896865278
-730780046
107119368
-634065540
797410505
726120648
68875231
982092799
-654136344
385046744
743427890
302938874
669390884
-281560776
588602291
160986434
327249252
-936102613
-184798251
-273007588
248137929
-316178164
-956573737
871696990
187356416
627193812
539974013
877034458
133675288
179915245
241998968
739835785
992281612
46114203
195449641
652919327
722889811
203846698
898745732
-152410039
-131942761
571195318
913502854
-436103811
-395220073
989284616
-632568673
-666995549
-815732314
698837700
247447720
464499888
388716920
933975621
530144868
561684970
980708330
-489020616
-867133473
-122630169
-793780753
653213825
749073980
-198739560
110979999
95794214
-36309835
696032841
88588427
981528657
224551765
43672173
-191804057
-513864645
773602606
-782808648
-570452862
-86642657
608356970
-561729174
143950817
-363196848
-521234193
-90477396
-853207305
402021222
-374663762
370312466
404101634
-400140396
-129748855
350896449
-52721404
-757196011
-646310689
-466242646
-828070820
155809733
-970743627
730805108
134898124
434693250
596132216
295180892
852488565
130651543
594246502
-829432897
555905053
-340263639
472866565
-47868027
676725318
-263221764
375570327
-525415994
719102155
280423086
155709274
-147716937
-624348370
330286750
-933118165
-244099939
-278872819
173255543
-628779450
702065004
-516706124
-509391523
154992640
-595027765
981383090
557491447
-670930128
-227066747
480091574
-849310935
679474912
231780503
347375706
-976465979
542572302
781590028
-2235811
-849205751
375698774
-427903061
-34241379
974546187
-735938862
46152265
281611917
-274185812
71986681
181139534
-411446815
948267638
211778016
-781717111
-934177317
507157336
119855400
-759328051
442757488
658826155
-217836981
954371476
225245356
-813072982
838632781
-140709707
462944556
591068497
256395042
-28631790
-85601845
-640303080
92411097
-409375185
-6567975
-356006592
527302312
461944375
323164760
-49876314
-481980719
-386940272
-977907852
23805627
488580327
-904820633
534222825
-21384556
-424942734
-885895624
-189716800
-195371829
681101269
933977029
-771586220
363026536
572290851
-599193087
-220904950
101505589
708239598
601273047
-47650740
157720989
252226151
-611543886
-881334589
635050480
926709898
88530995
470510414
-164304762
-487153332
239243490
729437559
-692431221
-274595879
-418435522
587985018
-603153010
-94991499
-811788097
-354322320
755792521
-468442208
-155713804
878809464
79318094
-318324026
728727428
-836664555
188390789
693288765
-387177381
-750749392
-231866555
977666738
123297309
-65250687
-738763304
952241261
370744795
-109253475
293334818
-384428733
937717659
493494665
102002040
335826292
120095103
-967070695
94722342
465246448
-734687682
-621986105
970258028
831451823
-313198994
-753814317
-168200678
858324048
623037254
436343215
239267179
-595461911
-334529125
-591001529
-569809407
-559396230
80983573
-678405991
143377055
-162865548
-69939803
-138812454
-144611326
556670447
-634363245
75162159
914906079
-376800886
106333031
472785181
149613283
707254092
-938974060
216022780
422301061
-801155049
951457604
995308671
-50234827
-671103535
-462399420
361867866
-902224039
286525153
200811407
-514406659
647869153
-436201802
-784353674
27645565
-357095031
816035201
-251573656
-972992876
933840811
-961339133
97153636
904319167
-129831490
-60209024
127902968
-995234683
-365550993
-549712429
-708174604
-20872232
-166732710
219301275
-417670480
629658516
478178661
-813414253
-91213833
155927076
-512161351
-114620416
326623375
943076932
-953121698
-233916605
528384358
689330145
520436878
322789467
-823013882
-413025613
895671973
125621653
131704344
-433731612
-208763676
-535593694
773387975
-957165630
-189316725
-77074451
-985257566
-573833146
-6445848
-997705263
-103816524
860127925
-4054113
-256060611
-848747870
234868005
-772195021
-96881971
808853824
297918111
-149236243
400596612
856609776
81398997
960829096
750690565
364035852
-220385315
-359803845
837231765
149900064
-523923426
391476497
679117997
236672819
-841934791
99323795
-268100881
517558648
674997984
116459534
-456076489
424394034
-274444435
601760184
347275787
930868548
-90520913
388916545
-52170704
-769811116
-900327662
-47035047
998481188
300324646
177593339
528291149
250732979
-83712895
516409404
-914286689
-333089259
-468115888
423377929
-445008007
-758806009
896302239
515891782
-128425542
-939796001
500619953
825568033
566015522
-115471105
-610778240
-485667103
-861348656
481153432
-69126471
-635244912
622732145
464496799
85088210
279400300
-49799406
-552876647
80465178
819580563
362937149
-520288433
-672423850
-454664016
-853858573
898249567
-960618806
-854918377
947630693
-261162388
-49181055
554975305
747540044
-658780811
-494686662
-60152091
-290163132
-61404689
654585565
721253517
465732861
-994783741
-15778828
189777110
882926343
-716142830
268359681
-282195483
11320361
90745889
821135170
234146324
693625401
-911262767
-443754738
982651698
359654745
510701966
-829528518
961777700
-676528319
-411050364
521853300
-251302087
-882946004
-777939655
153189183
-644867173
860569699
222047575
491757963
970644448
-130666396
691814792
157717232
-70744128
-757743185
798239098
-134724217
304866
-915496404
440070501
925526735
823419964
896078005
934549000
423089552
523797042
945792366
-509101327
-400470851
719689583
559788206
686463168
-765882400
-368990519
309861937
-935011859
287765215
581614024
102094098
773224445
204081443
-275338691
930717191
523191608
-870126445
-446813991
-190760488
420535417
130528706
606222162
181681462
-263630852
-986445725
-98909439
-659787454
275136351
-365731493
488127611
294378998
-580955461
-835477732
-52867469
-634787890
-240950116
-133268205
-238459516
209981854
852628535
-491528896
-331673613
370960288
-840985918
-762864346
278990504
364412157
570614755
961799507
-960108237
121763440
687408451
985311991
-412464953
681270403
-633442106
500691287
-907710366
875317725
644633079
-224448511
-233066172
167121455
296439561
843838908
672051626
66274047
-227163942
156103347
-96660446
490555023
-92017667
-600792990
-486906659
-218487519
-633195670
354569252
-304328450
615768054
-71851322
-40979099
-947861879
38338918
-562772038
735205906
387621442
57686701
-818109429
428154119
-151903400
321717029
837798635
-878817642
-378421996
523743159
784357896
-732565188
263399235
908975528
627666622
-163057940
-949372173
-609371102
-935206970
173741528
-879652745
766746388
66822155
-727787554
-225756281
751281574
52247709
491083410
-893055400
577243070
-613554716
-565987880
-389778762
-625695974
776785774
-640957254
511228692
553631837
225460883
4449596
715844601
-880146125
-785468452
368151762
-803246523
54766692
429273266
-786624887
823492482
-8939719
78581943
-571422152
577534152
731845406
-102965377
267267968
-919124762
-872407720
463557676
791362989
195832517
-887405434
51714503
-416659629
734470853
-846688714
-264039894
717873968
274842779
-659882029
986849716
744904265
408420243
-663046392
782812071
775179030
588227818
-165152924
-261037145
-458835092
646416429
245851070
-862352419
535863551
-594198740
-773188802
957805432
701607692
-385735906
-724914714
-658499460
212019650
-209559138
383268742
-612076288
-798457731
933962721
-38201495
685610175
763882410
-323555771
197173605
979689667
-7045057
-328171470
142028873
-282786494
-968801682
-863778266
-767858196
545627424
-982173429
67662291
-101675357
-13749725
384105198
20733094
624788039
-648522154
-86051176
956779620
-759489563
-473696567
-260510989
-839252945
171779494
42015920
-661445640
303590435
290847447
-988862666
948882223
-904564965
-262391729
-854938260
575494860
-933836720
186305921
-462418653
-352512660
-934746626
-53875969
497852195
-576561261
5552850
3845584
701792784
-735156638
136113831
-893522823
-989637371
307478310
-840705730
-790284826
-922927534
-910537117
-740813925
-963655294
-98095370
8945517
819155349
801616662
-287804156
315374975
-229451114
-900353496
-214161815
-5007357
987630886
-437713423
322486799
-786211861
-353552391
-474335158
916259377
-95349028
816539216
681647482
747484953
-235478420
-5975995
-519291462
-9491689
653655924
-518578899
-710889516
-885214037
-643641068
294163115
413278930
340660246
-419150963
-677000609
-879155159
-254084692
-582116013
503980866
581851704
-58735710
734807417
-397949138
-574832740
16808822
362937838
704340922
125324083
407554109
-130446888
195598760
-457883855
108638192
259222961
481651786
554463278
-762797603
-520584753
-214158828
-970735385
-199997569
-11145566
889853256
935516682
-544980599
829059721
-18895418
505369761
-183768239
-957864443
-924786408
-235103095
-251544246
-185565921
681350380
775891386
951031814
17770738
869544617
898167764
-154103230
-282864757
-253128181
-289477823
741867454
5446773
191713789
203858222
21882434
251198268
347537626
-583089570
203122234
137064516
351858426
-121829198
885892972
514639606
905886446
475616907
204293016
30052417
-544198113
-794033351
-428172
-590948905
848959887
-262749191
867492511
840049828
-618272687
-920953926
-669521763
211252031
198005272
-574778407
-862066832
165854587
109555802
279756549
966852047
-175864036
93099040
-307279806
582597382
993094253
984674313
819180137
912351569
400342344
-302220916
-818049930
134757224
-457987562
378195846
-89848333
712200316
-77292399
621230640
-587768549
-498496734
710879547
-721043064
455480623
-684699409
-392289475
462378112
4405346
-497482240
-816036908
712466081
-705743037
142925952
23043570
-676769107
