889790567
416805155
213478092
-811330884
-440645855
636762171
573213650
434403143
-29210834
820789148
-208196253
-783157776
-498300502
474775856
404198929
871307657
197490255
267853959
882686596
391780042
546847278
730513196
-988154652
257200751
-500552823
-738180941
744081806
548790442
-477311954
-938422808
684541439
616785992
825310306
-969389276
-68219095
-33021609
727604815
158582307
919952960
299021098
-172922652
870832336
-714424286
681479754
-931978911
-428133468
733695998
923881710
949042456
-732185969
411278260
-547765405
-809740854
19227382
-454595115
-314441492
448600033
-598827123
-997668909
-457089168
955127470
31028283
598314408
-69859999
-475636503
-124042617
204384521
530982509
-709165855
-849169292
-102721465
383247043
901980209
-939448474
860114648
-349584028
-240750029
-366021170
140415909
410371831
-398739355
303579283
-745402034
-683137177
769409118
682984023
41024874
-285684026
-834959063
455586484
825753577
620217462
162940795
417797619
-151323081
-837038083
-46167350
321030380
933982945
659009330
501865535
532944979
-618394953
752833858
762905039
-318374193
735916511
-426694824
608800406
-82105672
-548724731
275651047
119396189
-336059022
-516213328
924457111
483290426
-151202208
583048368
801817289
-564371369
-812827769
957169076
635512521
-700076853
-231812671
1260792
241193892
220333723
18632731
-30881486
-469319162
-884298293
-909680882
-545982486
556288108
-131066799
-114163159
378703296
-268794867
-913511640
245010264
599508692
179616859
-135208023
-945780622
682067018
-284404059
268007293
-543925078
912463315
641311197
-29034947
438603550
340447699
138304627
-115699032
960853133
-465844684
-266635681
494127488
697424422
-323374786
-583066623
481691515
-742988206
664854676
-671500289
-740577900
-416679110
-246174672
329544992
-313095986
392287917
389595809
19529158
141027373
-266261996
324975489
-824885094
461455849
231499692
-938177334
-758063207
968561915
86268000
-641832351
830963504
-67374843
-578973531
614839181
753259977
783245377
548700525
-595965398
117126637
726100987
755638562
-596330140
221639203
45443912
-334545225
429260014
-162562382
-730656012
-640310741
981692993
-928891450
-241854562
784813281
-139081503
712843615
955895567
-429285565
879119494
641345803
574041919
74368701
708844416
-611879787
586762229
-492522448
-887240941
-395807697
106142176
-240056779
-654904361
78633252
605963191
53415644
830711588
174442040
-678281903
716741518
-509155952
-676185230
-841276566
-645166479
-289614269
-630493461
25030967
133676315
-972280380
167525185
-491528366
-359409140
-877772292
506386780
661844879
-724608206
-807013671
15550921
224401950
261604354
455599177
197635815
-841830001
-790338688
879714653
4000249
-36170527
397793603
-298511648
322657601
-606103750
-499660937
405450068
-92218560
977631072
118580679
-290384773
-799994222
-643336722
-643539254
962269384
-743537666
-772469916
-29627697
104518994
634142333
-818492308
400411646
-497765660
274604521
39358521
-886001139
-825710031
-474145212
-911451384
146988955
-731009243
-99187295
855256776
-191919316
523538262
145397426
651232214
634328514
483757465
806675952
-997241887
545640724
237692081
156888929
878543085
-343494802
-112491741
27245321
372990579
358274852
253522469
-22274577
459842213
106214324
247757236
-115228214
66840014
228900471
-615205947
933084489
-242805288
-332408572
87154835
-907401476
659958760
-171265246
477457943
35040482
289780259
234575463
-256228202
-787555697
-847224940
-669413007
-726103468
-975808518
130502694
-717710144
-908808090
210635489
-463570229
-864470363
-915823399
-177264705
316134591
-764688395
298600679
925279452
-609917337
699894802
866170451
550377638
716044460
740871870
570065654
953704039
827414467
-373412603
-965704582
830386639
160398419
442271644
-765673677
251648295
-715945263
-139565316
935522390
-851483498
7596346
-172873198
-454128189
-175360233
709128238
190152991
154897543
94645407
-570613849
915225232
105713371
603804181
-226757356
-54145932
-169490533
-39549858
846440062
792396171
-397715127
-957464225
503428367
-631060793
-461555601
424475421
194391213
93312750
-459991973
-696923436
-833172030
31374775
-144919096
-352720917
387837876
-894574147
863086307
-223989715
510316796
752810896
532091386
801354290
-175599898
41397222
801022148
-368402716
-828374289
945014343
-222556419
59851662
-304551226
-681476758
372643642
-994998525
27338263
-105295046
732456500
-211698835
-662582516
-905772270
-75320678
-6214707
371309119
920767993
610163671
-84597026
-794232340
931729735
-677048736
-932068292
-272176334
11267659
-439037037
-242126926
296951976
-763947743
-423499402
843701092
192543225
640458588
-165045736
679130125
-513936370
884082695
507774592
-450852071
813085210
-791023511
596692824
421992729
350713456
-769560357
732375636
955750370
-976351489
-296196933
-47078340
-130589484
-187052181
764756857
744470936
-301558472
-938723121
-112193544
871048899
403398389
434785805
554817080
392487827
-514812270
-692089017
-657459671
254258849
857239895
810239196
410124253
784994486
860426661
-709456974
-511207347
762137305
792174823
848896953
-920411319
950943744
877554586
74410696
437200568
-111836124
881634144
422023746
970448892
-417660163
-132669388
480527717
51350900
293279839
315542200
886516271
-803271141
257856561
-656393813
596788972
-908027571
666158086
-218694538
-740952479
501641386
-373932967
15527141
651277455
-167277037
502840170
-905305613
-173494748
-207491118
-43507793
-688947778
217029763
-585481002
-834794503
409921689
208148590
-845489381
13726501
22424910
405857658
512726816
687649714
9312678
-732371989
129021179
-181482672
70186217
-883303871
-413598044
8300889
963740142
999835746
632326607
211791285
43953156
373865288
628825889
-49162017
-761901205
771101283
924274451
274787070
-606654552
-183156655
-863684423
987124882
841501480
247997764
177682650
-239919781
-437991580
711924129
771357638
-889527658
-393633728
308394036
-767534670
153103599
-218397174
317850242
-452685920
723229924
845046095
837503261
904603353
159216857
-713846683
-234813723
-813027494
-419258542
-534560954
893994768
-413849571
-102462214
964301467
125223259
130542695
-578242261
675897107
851658587
-100209745
-173230963
-405980058
170554609
544912934
-31655978
548834791
-262031909
33785831
-714678097
729404008
440540349
73030327
525103051
-764979900
29210251
-709503328
193750292
-822985615
352575580
18829687
391561447
-656242858
48044040
-591966718
912872081
-171551759
-134600577
490652226
-846692679
-995057995
-334030056
-384018598
542166079
739861290
-864839676
-25364133
807628642
164307477
403005704
-986125876
252020577
-317010900
-211822421
-987988357
-521725421
-915878887
-459837503
928119378
303602782
864043880
227459572
-292889858
-875658683
600167413
357692362
-267527874
-12001053
605910765
221288544
530617802
-509352661
494142952
-64339340
-868414524
923007592
929275823
-380913915
120485964
-125202578
853169950
-367104122
-771495629
954451042
-420893147
-782514754
-214448953
88337187
462126824
630244159
919518412
174613588
51451142
720711296
-190464372
907281160
171661559
789057434
147689990
-449855224
617025423
-382892389
-330565054
-660132413
-962179169
623734155
822429892
460104147
-917475397
548397049
-644292312
-626799083
-615751104
5697952
-873826861
199816328
991035995
203061803
514043249
431798961
-113611678
83784228
-74792142
161451169
-817676156
591290501
-54593236
321583443
891908363
449396322
-336214388
-378536448
380855700
436359475
552006883
328516208
241666692
-495744672
485731083
809281355
-180084644
-472395147
878195473
284004942
550816879
-882795790
-949270727
856392748
535511725
-259666256
935193880
402619037
832294379
-110976800
-446432151
316771056
4865612
850008851
-201615260
648337481
-782070495
-675380026
-42233298
432841977
368306946
-542755197
-23045618
-533315446
-79247221
318723383
379554309
222877537
298727477
-654064741
-947673405
-693693361
173450900
-814996031
-232598295
463054971
642327412
411526370
439236589
558576576
-982410114
-770808384
-762665514
-511842591
-81405821
-256277718
870227092
-899426598
64265576
-906236258
-343674119
855634769
-53409106
740899080
188309336
-358436308
-987442531
369845673
-313029191
-554393028
-940270579
-441186029
-678486090
62011158
-500402479
-784787888
451973109
215957507
-362877760
188095523
-254504127
-722625523
295688545
-629877658
684405063
-751182534
525128242
-332658798
631336683
91860181
449284501
686941789
-495909819
29570648
-34661506
439040060
-737189179
244099552
-399378548
798027459
-129671439
727005444
-858718569
-706132730
302279451
623121001
924227574
978188151
-640361276
362623110
-93520775
728010964
741846991
-942628145
4856819
-837109536
-53992729
548448230
-834592581
-234411589
595842922
724271161
160869040
-285513652
77907444
-52131640
250838989
549147098
-980307578
-557514748
-985437083
-288444230
-590716077
478213843
-743461637
-466474461
-142632665
-63762511
738188224
-395315427
-631558028
595185136
975305641
-25298280
578533371
-64268512
113892141
80078489
7287315
-471816055
396470424
504709775
-72650343
493314773
789131791
-268548924
-700507275
-507941429
897510177
361730287
-992151868
965465654
207097318
663999911
620390372
-771101066
-695393168
-165674840
-764697142
-780450776
-620963527
-462967100
-794762683
-578309403
257577951
-956124135
874535291
-482992567
625357101
165892064
-872432041
-925913896
-837932140
513254096
850000234
968771914
9454472
835334351
-592193294
911302154
94710883
-694733926
-596909924
-341457933
470125393
-515109287
-448744447
41593357
381855911
-368566936
-853694165
-787181475
-277482491
885575323
-870161070
212540327
513205838
-235383095
-28953067
-965851174
345732342
907854334
-306392584
415734922
230392669
231579432
755286234
296956499
965052287
-329635094
476194809
-373032191
451144366
-383054632
620103711
241100767
345241874
659484989
289657809
-937387776
-293117188
439767779
145690489
888343002
822261494
-415648200
-128406459
-697406637
621232016
992487975
-691298488
924002530
230820366
-30499730
-388699308
363115033
680415368
174530049
655241290
602145414
93851448
318557349
-115129615
78538601
-827058345
598704882
-303037192
-590900823
382698408
295785444
136080424
910722103
103693876
-389109884
-219835763
-325907455
-385968251
337488375
235433876
-35277925
21843126
-148754046
573585115
898806161
-358514288
516667840
969174277
482342603
-737780753
761102725
-322118011
-721162274
-816458418
