25886174
-178105169
-967324210
950411680
-180769331
-754446533
-137448229
738352351
537631077
637895029
-465215935
-759040505
243015556
895857458
657380246
980156590
376058126
859355749
-266034675
23296971
-965720921
-744359881
-867217814
-621716943
-386256941
-569020693
-474190272
267516327
-558643782
236855570
580702064
654293916
-179696025
510462342
-196623241
-998479684
584519824
755993266
432152076
-770858762
409931690
156252769
-917745878
-237263399
-702660258
561081207
-238773679
484779640
578921421
878934059
-558549631
-756088157
422322251
79954304
310504749
326113261
846976168
324496476
847234127
-905407144
877358730
754898503
-637189227
833789855
601250753
108743097
447524896
464956397
-304001298
511359077
238450628
-399168138
6326570
-712893927
-908222128
923923676
-365428003
455940009
448254223
888081820
995240955
-438611514
136900270
-167028554
918018508
-290637792
642274673
-371474444
-955169592
395438220
-225878579
100004097
705735909
915830933
-889086436
-739908714
48235868
-404384945
515626933
769479872
703132397
701097495
-705800260
375623631
-357064336
997078703
831181564
26108441
855790202
-155743418
-151341905
-821581558
-714506500
-754600284
-788245089
945542711
955151222
-269252536
-575623355
628582498
-953305461
573860742
-406233584
877811042
203175471
-882483235
193217652
401283291
-821088202
994722809
222480660
-773750680
-808788937
-201640211
335042676
347721829
106860939
-358051057
481431494
-307156138
154536821
-880903055
-116063520
-361708041
-68248329
357412687
838603232
701122586
499273349
-376526635
644909561
423157816
184736045
409035432
-594983844
53016469
772582816
-182804533
923289330
891612015
732197494
882091966
351679432
560707104
316928113
-219791327
-268717833
972527487
719543828
-368302615
-120107417
-521958470
410697947
-750687818
-427367602
384066962
-482463985
-176762216
458230703
-496423538
-792618254
400145569
-846343999
-781581224
-733410281
-434005384
696384364
32058181
594126722
274355572
794406263
-416389965
-469443527
913837896
194795920
28334306
809250832
247595892
854260072
-579260820
616286112
550098254
-895400965
912388194
-675792042
92632233
-268122643
224394245
-286037081
404382495
726261264
542724126
392504929
-255081471
573061115
350195485
-387366697
-618873100
-398169082
-231510891
-956677499
-426810877
257891970
915074909
-569645108
-106748187
-259401450
545940715
-484085643
-530662322
545550407
125794210
587416066
736138146
-363041612
-675913168
-408463565
-514891577
113889554
332636640
703636865
-329572741
-704720769
-341043005
803454545
-46541604
233727732
-246374839
-293438241
-538598129
