-535311697
840529818
167122238
487215842
-825473562
738748675
478118248
408664355
962949372
836985504
-988086551
-92864159
529196533
30602172
316955879
-587508204
-259616623
352452405
901045580
-860294673
-754740509
614731367
-232126347
665712368
-241063162
-144659611
389313131
319351696
-444572199
-704590593
-407734794
167678773
283117313
-847043790
-265043125
-188297778
-869109560
-444561438
952430612
572890500
-367165093
820080593
79497721
184928625
393028853
298247668
-414056942
760066314
-877985063
168314265
-767277909
743115175
846865849
278014965
333118968
-498324277
645102932
-776330967
116452874
-830375625
-664549372
117640929
578488994
858751023
472783204
56271328
-548965214
-398815490
813772183
-975352063
-575605265
-494669848
190870784
-309445227
-832597439
-269317464
-502340147
-863010470
-667247464
663329396
-931522613
-44285653
-150991256
743333756
265724000
-919509987
-276824210
-94621231
-52274125
767981433
745352481
-25782032
-243896086
417643091
269567815
254874095
-650614514
-13301557
-792185947
-799748541
-208802804
774832352
656366316
123940893
710444452
-262074432
-346077506
773158796
201000287
-775649700
10642918
857278450
-681740521
-212229301
426094115
984621567
772439850
-570084455
696713677
-108321027
-329372280
286772594
529072796
738663839
-382946670
522444889
610049479
835469342
-936227071
-268581733
301297393
-879445865
63999180
643751915
69034815
-684724670
803789021
680922018
79796513
696570076
-168079050
666496416
940058077
-735824571
-354249081
-624228024
178593441
-556443283
655746893
-154398288
130879902
-514172653
-624057424
163686823
-240142961
-419574369
-611596809
-722433539
-471978190
837508346
505450840
998546667
-993330836
-192144375
938613741
453912096
-96146038
204234439
881149384
627384681
655052194
-927977475
-329396451
68919803
139776792
838159009
11820958
-349528992
914481980
810880713
-10719004
-275700484
-330159087
-936997814
-526307831
-975909573
-973599959
935877873
620722770
340945242
-513261397
373008477
999584009
-927389490
-915763081
-514503816
-419770262
-344028332
731889040
-96017997
-164078442
977148568
-220730090
569872478
993165431
728278825
437841393
-299072917
-538379781
-28993633
166589312
-547609642
-398340668
708816939
-860599920
-959205757
369743012
-638935766
-338404271
-293962258
949422272
684402100
-771602865
-349161125
458053612
112614307
-403649071
-742149719
-948262067
379149801
-206454562
-202717279
951094136
-888014914
61451911
-893858697
-41858572
960080590
-492623761
-677764762
456554344
804333362
-713127524
-12113975
484075156
888179160
716059916
344246850
197512535
830042719
-13062219
670286683
-139243074
892893241
209957512
-461054903
-410159086
798018284
216198772
-63518599
332601855
-49276000
406024036
290278081
-325135557
778477964
873768014
-955394851
-980623357
398603388
751923258
-321674423
-838355700
443299963
367030496
-779670687
-267669501
557029111
-195110589
42130740
727624030
704612464
751069475
748031475
-121124031
-229265524
169303163
-346776724
377404903
-276463306
-655835564
-258319512
-428339899
458046185
-15451167
-486202863
-731474055
-657959618
-211360439
268116112
493367391
-92383978
-527304574
-206941369
508013635
573916512
-43239335
-220309080
477078448
232113031
183136654
-54152784
-87268761
996354171
450883611
-384503548
605066091
392755291
60933781
822490534
104291385
-437820740
-130815572
-652433324
-120080106
-262455911
148193741
-200799104
-258308905
-55577370
-176297503
-850529338
243599474
222644809
-219958332
713396915
453028522
-518356530
955033702
-201689980
642997827
-808707454
598794045
99677598
569559831
-928891047
-22681104
640542483
-479390382
486474362
-834723910
-495055449
-479976497
688029209
-961451599
-452208048
477964980
-60984521
-30116159
-544014792
-730910839
688705684
-14971003
-577945019
85911156
680783122
-552266312
-574761
709958184
-237342814
5604614
-870828419
412465189
98506232
-977096442
-86235310
633652202
-620314922
30320445
-440867540
-299263637
-303718110
547357515
921863195
753183682
-388199109
-926862168
341245153
-993116943
-24834625
-21535445
292055725
-298053798
863674654
29962030
232492777
-936413097
863872763
-547066502
-1565066
-274073758
414471419
-539578716
775723038
-430819818
322568467
927341381
159777602
401161045
-34957303
-539803816
-286083420
782770695
938862607
-490025790
737407834
-223431798
759909493
52766770
-533381646
-61574420
-154981212
652500727
600878494
-217872415
-688501021
130608402
-987479739
918218048
744692024
305487645
459551999
-169025353
211980992
753089218
82142404
16212729
-876305588
760084549
-291003284
-13515846
39188510
-832643247
-359109515
884678176
-604480616
829539679
-903414998
296699201
287133741
656706366
-101838581
-722246684
-887518004
-849163254
525703087
-308409364
-250509786
737413868
404492515
110382035
809252651
-174409867
416514147
-13742374
-872398255
748410400
803272501
-869233061
-571105916
-878612742
379796131
-105019846
117822122
-710278051
-705519405
-983430
-398754094
-648449064
636738820
76880876
166877688
-509361366
349771111
99781121
-979127945
-40862867
-666354536
-31465716
987583568
-950843209
-171179563
-901519742
-978251395
517898791
-658660418
-809303040
-25455591
26919907
-250702613
78529129
989669240
-120623015
929260921
-112719982
-545573213
-190541116
-953545517
23219577
-479568761
-641187654
969449958
-153948021
-775440576
-547441977
-994484462
586339534
-698853637
692652224
233502479
733037128
-318970040
-94805252
-501132544
730135678
-704989080
286767414
887604961
186580113
181894829
-452618812
432251327
256490577
853086163
-981232392
478852737
-307358511
-691174553
-559759865
-361675919
146765419
744175997
155408393
53359523
141283952
-335664994
-49652955
-490748449
856960057
-429614325
-272674392
-996556623
664334539
254492194
-947326789
270636445
-471081178
803702234
597181124
-392936081
749464362
790464105
297131356
-417531983
233579815
942573061
10632424
-568305865
705515520
631220422
-286130218
263185876
170029050
-496224086
-442475658
937007407
911424551
931998643
-526531470
-650431825
548666473
412592683
-607755028
470148243
683212325
-814844153
126589491
882243103
933117034
-267699983
187687275
70966848
-858533869
-435535502
18872302
118756619
-565720698
739996776
-586800750
939111098
-170993078
941366183
173437192
-357821515
-844929946
755422183
-132424202
-358940791
-753154639
982758981
467685457
-951698572
-26795203
-880573484
506621496
-56342860
677574751
60158346
-814856606
-635975162
45529534
-448315322
160999881
164884453
91002556
-705562520
-775484753
390505993
253554689
-503433619
680337873
-222155125
-857909493
668202301
-664790743
-714858304
-751666335
-350269072
-382582826
2433607
-99300181
-456385503
432186912
478592292
70220507
179320005
-700450383
-279037228
411852848
-797071502
-687248094
316109605
693992525
-565745997
636302066
378723440
-927200593
-883723021
-678432993
-780033887
-704622442
-930903966
-850052775
631803087
-836576448
-188872489
-98238914
-931685455
443911487
-699275995
826848075
-326266490
46197970
-43541217
-739168481
897381079
186516285
-937026504
-850857609
-197074432
164126777
-718880758
-814943574
762805629
-417524023
-637426325
-491401294
-505426961
-350616048
854296902
396568123
-95250996
-994597753
-574368410
253329523
-80866000
-961902334
63249675
431940840
719226505
-56057787
-281314854
-484447628
257790724
-493461113
-736797510
-347626611
-345790143
-413624745
-54775214
-257931819
849171758
-691728617
-82143577
58691395
-633954216
-747287340
957266138
-513107688
-850438753
685569104
-162247946
-695902343
-32849158
749971543
365081903
-992968592
132235023
-463858807
-187686479
432271679
-601204280
-6440940
366916999
-708730758
-712999512
453512536
674610634
219163818
-550627992
-325771347
369544232
-537585514
656023443
-230232322
-842848338
421823713
-302907804
-457804606
438931179
37100027
295728284
843844246
-403791679
-684160011
242110791
-401606870
335705467
91317897
-990693894
-693007468
787413534
-332555516
840580987
224164946
-904433960
964477646
735925887
786468827
-495707499
638173335
-66745714
-342401824
-641440335
193202720
897775875
53834276
-278745656
146244771
542433839
821027316
-402111320
-366641696
-207442274
-139146427
-732959802
263243377
-750445974
517358226
-158286662
-974635798
526867311
96316539
82420358
-497651193
-875620331
405567156
290808289
122805097
260667801
-127250281
-12937981
-548358905
439241813
604593676
161330648
-238586582
427234323
-535337819
-149159747
-72043917
-155808226
-607065375
-685266823
-221102423
-717151039
-144870785
-381749883
136474903
613745551
-838432538
-683061918
-383835165
-282926642
888608151
737277055
-965920257
-256714440
-18384742
-280533966
-29929366
-483836436
41357736
-489815533
786233817
-238905116
321358696
-506163218
-578318192
390161739
186317380
-884256760
193404698
-346559597
-436679218
-610468402
163771005
-531468719
791750659
916841818
631753749
608847222
-982806355
-735102594
-957348176
564411538
279914373
-872097033
-149514794
-233457481
66376042
-749947354
-103819634
-69002628
849133374
-743372328
188900042
-809828834
-574666659
-275838655
880374128
350886848
446083771
-356488440
5827845
844999123
457122457
-517105796
-9172232
-517586032
-412906524
-734050332
304729481
118191522
516038442
966887667
49773140
-178244894
-111129543
-441995394
734696250
544085078
-239336072
193290619
148506135
168084781
732212089
315098729
18013406
-13649716
759692396
-357970397
336158194
134662839
-526448799
-472601285
-508649756
-364668812
-748986105
805630874
-536578940
894546528
483552502
-632041245
450697252
-737692826
-25134
-39865480
823502053
453146310
-172941603
-560541821
-881113689
707576546
888473602
-859303985
-2451803
654217198
429652548
994422132
-208952432
315686489
-694345219
675922431
668409442
-992460701
219635975
-533846326
12300388
-571268839
-401689671
478897727
137425742
40978454
578957227
212733525
721715673
-867745722
-595775404
636553756
-899463454
106752198
-515869884
-74427080
763285991
-512852486
433402370
-62838702
557991779
-825923714
860625872
573239365
705478384
-646189828
778270780
-706055428
-148542638
128906226
-327011780
-633348054
-87819563
-642258407
816280328
333006246
-763609258
-17201976
-72671453
-889999390
43010946
-210230009
-142417896
-696309267
-175113816
521977072
-574293570
608783404
217057615
281179461
798883640
-653433585
-539174612
-999119841
914794956
-453472545
734527404
-520839345
729953135
225017121
101042034
713948320
463917442
437034774
719355456
-464271798
-595362375
-971077949
-908635979
-384335539
-646039241
841049244
-562184089
743593462
26138579
621189892
785246335
423116523
276680697
-744285665
63586849
63432259
-894833122
865363652
-61405838
-574623022
-507804195
698474129
207901002
938256258
708532915
-947066086
-357899400
424466140
552409683
880539193
-179319892
-952415066
917562023
-388558455
643834629
-465965145
-936579739
-810917138
-354651592
-665977466
456661833
194086987
983306329
-768548143
546289908
-990886825
168775961
-261195935
904914570
-909339971
893932858
29372928
-612499407
233882342
548949944
764263537
947919009
762889154
12046660
850997896
-13730817
691305823
238673909
-224848802
978660999
-984992490
154797953
494560763
-263897683
-425399317
-927642460
869520707
-26691854
-36198188
781586611
464622588
-996634253
646947008
-609277709
36707560
-11158694
-41784050
-593289343
-993640940
604663293
-828206470
-498700346
-83931076
-750989642
738814213
427301357
-102293737
20275574
175599751
424894077
840883359
152739657
-229715974
34314313
-384336329
737789871
309045437
546231897
317733576
-798267630
-197826221
-995972430
-222707752
701583276
300953353
28268481
-838540287
-508051540
178768205
-517539140
557563564
411932522
-621692377
861028718
-594247499
711432746
-432596365
518049023
243464519
579076848
654097089
455662546
-71347622
-426606509
-48964668
-114590634
-868624557
-702546897
652045725
445871515
-93549900
-26140783
-115108365
841930152
-916125689
707546240
-148508717
80361425
768940084
836385478
757364586
-397593445
959853211
-478913685
587037207
-295370142
-206867486
-462885441
198367941
-309424592
926471347
-850833428
-620039809
-841036458
-774525452
-709815877
248317815
625301064
-669800032
525281792
312627492
-366383851
397061811
277665956
-724490110
-227467903
720001599
-952344755
404856001
206092188
-806200660
27062888
-297677614
969877090
138504871
706779037
355095952
839946606
-536570164
-10187305
-597104134
961050272
-450580085
245049173
-370699306
-706142247
-87699238
418869025
384623671
-371770489
191094223
-606466729
447478801
-411327437
-77810557
69120315
337568232
292066782
-493491505
699714151
-158840806
53872805
-513856059
-313349108
-969732677
-706517930
-555224161
-506285383
-803342516
-46095441
-653170102
224076615
-320515782
-761891084
-393269228
-149558285
594717069
819416503
-946029120
944410413
-681615714
-504826079
64228361
137551493
701138202
-200779441
-98347176
-995820412
941282599
-686374743
-119116352
171904583
857430812
445923835
766865792
-747680250
424368189
-194463475
-542139244
-594117567
166473121
590337760
136145768
193460617
-537930955
377854344
933593255
760574696
-598704935
-334747743
896709682
235449070
738340776
-667309713
827099481
-927389355
-435398250
714938163
162478944
-649323600
-634607758
-166253911
549047964
883383880
812180756
165498928
-382316397
691427371
-210527526
767826740
-851174173
880444361
637876906
431744930
468362248
-144994569
60001483
883822262
-665479990
431110415
-379793313
165631730
879358534
-356011724
-677629654
-141410154
790451891
-745761033
-798329668
-904359392
166518149
-367965804
-87724834
-808984712
-694298835
779793395
-277426610
192045877
-556326224
-976055834
-489195784
-87463508
540952806
440782839
-639704208
344107601
-476293299
-424148013
846898887
67796547
845320745
-218480857
-584945814
228760198
333024370
271631192
116389575
-858485576
512383032
630820617
488902051
740874593
101456783
-124321351
-569781223
547908963
774228504
-705308790
516634418
606499980
-39998169
995614492
-173969890
-102774966
-826211178
27323288
25022733
-10600066
-976704987
576300233
393413549
-220105623
307492708
-798225088
234046915
-125559008
-979957912
515807321
627453418
764587805
936683168
-327207886
283371319
-544706234
-187559507
152366838
411095746
-647997978
-266148789
467943730
252990607
-515785615
-978646975
912014733
833348405
-683731905
558851847
-30131740
246937000
569065827
302496207
336015126
548073317
-321071916
66493703
-389622527
279763222
-3046845
-59975721
148168548
-997944768
669606458
-516997188
-622741646
638738650
849680483
929126258
259122716
-997114525
-35669948
736781908
-133061569
904958543
-973622120
129520038
735818203
-661481920
929640517
730553506
-62248882
154330610
452244418
-804134823
868368404
-143015679
-291141858
-990647398
23518444
-868772800
-751431365
45254683
-109749833
-112785744
-627350345
506655165
-32782971
-130705637
-701479235
-36670997
-319730361
988295967
906121773
-249795211
666896015
526063542
13459350
-688339838
-75700164
-631593277
104968464
-772666900
-805311458
-195031166
-679827739
715311726
-312918751
-548663356
-816495953
644009170
-174567348
-510010133
-636842339
725983359
-977411212
-783547587
719220490
-237881336
811596130
-923028549
-475505954
442052258
487675452
7193269
306593830
-342077205
682869926
-559299802
722230034
-998388264
791861277
925256358
862916809
222530593
-321917503
602703761
-370114294
-817861093
602977047
-769112592
-683118314
-539445490
167420609
257729359
-800311459
-799290754
-260023259
-47490674
-289340920
-818076356
440303073
810940113
943712610
-139821319
-637014543
646592126
617723122
-868592045
-774951648
-818586117
-833931718
387906545
286299114
-470237421
-209826082
431139954
87872358
-624350517
-386444853
-794619050
865464044
782550875
-81806679
-425602420
-950604335
721816521
-633886099
-970868584
-123361458
-295920860
574184202
-751243424
908208767
291920219
-377824185
599461268
-312646521
-795505748
698520760
10467068
299882902
-108001840
608882544
-303026921
-172159638
891115175
67138983
141794436
474995430
564605371
91331717
-205216961
-271074669
479857352
-186724951
-418396316
307107671
484946415
447782435
365721445
735544103
-887909400
-277986087
-725134735
308207307
-553747141
854503703
422509385
202216455
-823181707
-461184913
-437727763
874103645
550637610
-126716792
-942959659
-411045193
938609866
-256622992
42416380
702362974
998150294
510310416
416869738
284913592
419192640
164717249
439063903
-912337614
926239007
238042359
555143705
-608558536
577415692
105619739
-959869630
-104516511
-600130596
765067127
319918330
-607534423
644765306
-127007413
100685436
-587982890
-278636641
677044988
-272247441
715754545
729908076
-2310709
667337242
69178677
944809573
-357554586
518013668
-981278093
-122752978
186210843
-583973475
-188253019
245702720
336924053
195410459
-12191397
848281874
744611565
95261294
-87899375
149874366
598360729
-54133986
-209808212
-847328335
-853846275
-19190581
725445003
143546090
-421291818
-623442611
735609567
625852126
-39752353
607138032
-403674412
-459641937
-784992239
-678200817
-494914268
625779030
795888265
-484165557
-340592955
-927112596
-922193784
805452137
856934082
-276073067
-31983084
-787538490
253999656
-739567734
959825339
-162348425
845573399
465208257
746451713
-986920200
-305259078
-496839507
377765041
49211341
503948520
-996244528
-4629094
-50275165
663256379
132350499
-991139543
133937445
-638732730
235184411
-730678197
-812311790
410464482
733182921
-811719121
409547902
-246070408
-357927753
547886336
758564945
-750403596
-637936488
-128123121
269811422
-329046039
-909359211
843611143
411171155
765858019
956092659
148909882
-674872674
-463047663
-580270826
-659675909
-430500356
556731605
-454683210
-78737890
-871339915
215188297
882548372
-621032454
316288017
-59569107
-888464706
-329078763
294417885
-249812984
-997234904
327029652
-883929830
-791156930
-715245579
-819789348
-184704132
-693664984
-462038051
771663913
-398666574
391237317
-369511669
-89858193
-545989593
-92080549
-184039405
881336765
506003785
352255334
-522647825
781717459
124279887
331009620
388465035
-80231755
-3836
-326373469
783070010
72665984
76681492
-301125823
-991874262
-657974756
-580247891
-325728769
268815453
-928746593
-181992999
-14530926
194959604
470585582
723744922
40134707
646322327
-694833833
487305237
781771961
-795645307
-632956317
-918717079
778389157
821081354
-280938839
-577889407
189516138
977603768
-181771755
-307929586
-486866319
-568589964
538903023
588064465
-378312022
-170919592
-378707540
-309087571
528778400
-558114104
171683867
854584363
-887598872
-986637560
-913442011
-87663603
-964408337
-260755168
-650159965
-429722131
-571758157
-452930869
434290530
-465221095
934439826
-55383330
-946786747
174570249
-682442435
198986835
-67640438
-389394311
605701835
439307250
-987527643
-411475417
517722602
65473179
942752584
-867044309
-260333520
-324216270
-379780604
818495214
-91826032
528402215
-671879415
-191202104
-404459032
-828063095
-954878150
-314789706
5503302
597377595
-803893781
-324699479
-169172612
822120549
871725272
-908851887
253919631
239986605
-213711291
-774973598
-492538875
577348736
-47235423
678564843
881590584
-751799959
870407507
-707177231
938672024
-378146002
-604270272
-215035095
-760436358
72233741
-386664723
728982771
450733905
734352456
657718618
-977117381
626359320
-78356547
-952828216
968637522
342888396
-669094398
749484036
370644001
460594276
-65496807
-423729739
968353583
-374451823
96941023
262071548
-598137588
960186695
-397352058
8748542
-281116857
64317546
413784885
-895060537
-313923173
787767537
500626797
-162994359
599995460
-889444848
798091295
-606208561
-823889457
714921053
833614171
-139605814
638893033
-18352211
-991414455
624547671
578379144
-202547840
-351992192
880047522
75621240
-752668064
-997932966
-465468429
-700995486
-256073425
307632
62203151
-194416457
676704124
936758715
-988210949
496827489
-40815697
806650874
661398488
-429926910
100704913
29803825
-269384624
-153438264
795041561
635869348
-720600536
-719050991
-786205472
-745183438
472868014
-929668379
-676865167
-252865965
-117674823
973752376
-833268405
989332350
613814509
-978783266
293385242
666015830
119851493
670382577
765305949
-435435455
745116711
265984965
643270073
-187076198
-805082677
-944678553
-506616364
319441632
-458811452
-17395251
757363689
-823618298
540071050
-626711191
116171960
810129931
-574745221
858072041
504027927
-91275875
-241061925
-615091550
-270339467
-851003943
902745963
-442357719
-812046325
614125101
116292772
-969617663
686058657
-728484257
395644048
-332078738
-250099463
403210150
-624397242
208400488
758996700
239110646
-18998784
193857451
855388352
-890682535
-314155558
473039083
338328083
787331961
-993676246
-305752027
620823079
76000570
92195702
-646237423
-142576710
-180109180
-22095850
89157044
-631217376
-267852258
213172071
-478962159
