748486469
-327168777
740996987
-856795113
-267602087
-270294464
353787736
739469379
442132503
-929538014
640742162
307176097
-907436395
-424305358
266008365
-479593987
320744300
753941334
817209665
-261938726
-876788021
867642523
914249180
811193214
-906635530
-822486194
544481276
-928184889
-355046556
-374836206
-415054835
146902164
373276201
-11704810
991231740
-539352036
-754237184
-300395474
512159493
348525693
228095426
149880472
-847091162
-615765013
-37886558
778069371
-575409778
40183168
-478882980
-490321562
199107867
871909511
-396479665
-576863193
-32900050
-822551486
68179464
41243234
677224686
731403646
-197831286
164951995
404444818
-14736106
535522875
-514642568
570939623
15816213
-608048538
777338111
-651599878
-635946984
-610983894
-25822943
607066982
417404746
-733316171
-291386670
-240965810
-196117802
621175414
-599600008
-915352416
-496891671
206136878
-968612475
475190891
-675744595
-826939093
-516245187
441205767
423603784
-902352836
-7321582
665711603
669980716
853629399
-499195399
840937889
891162692
331128381
-549020590
-954076406
662330540
637676304
666240289
-543988327
168472753
-761145442
717267065
-594698900
917003007
352622016
816263466
-63956347
-947511223
-555443075
596547311
294842818
-14294207
681106492
413828461
-583106923
183599632
-589098749
882075283
494457537
-770931581
718586140
165160881
796736354
284473906
449070385
830786421
295650017
192680311
22135084
629318490
-121734608
855793784
394395172
-866606547
316887384
248362644
-71757846
-487262919
-928844648
943274038
482546063
80576869
-990452596
-652763688
-676301742
-711000159
-359268195
435979823
-341036345
-26862873
-543103281
-42075917
939991199
160129397
-151974783
597455738
-79890322
-466452520
673028516
-232482202
-543015016
-572216035
-539101128
827697515
-785977560
134807086
-178133629
-999484112
907643064
866930752
-833894219
-913584258
964217839
641333566
-380351944
649356315
-967984953
156434313
-482071421
-375662434
847726838
-966325553
778659229
-656023922
-324111621
-206759596
553387017
-970985431
998634606
-872232196
950672042
-662636435
-640772535
-914716955
-419515095
289344505
482416151
934892716
-136535662
919833126
508219736
168263934
375303984
929929182
-861229171
606793224
-883892118
-108530362
-923238036
-214787851
-158494935
-86830971
-631256118
353722441
-92187998
852301351
-816620117
-249380225
170389962
160002335
2765297
866968274
653650268
140289443
-724447064
476909561
-822820956
994526364
-913204324
-507766167
502263529
-415346908
258825766
818078207
-649950521
-769390359
-900632805
643258239
796158212
-748398439
529918410
661161780
-323547615
-501743481
143504008
-725774201
-152248095
551728075
-921696987
-723413807
140526376
-231713011
-439572540
271036412
-274752357
-564640528
-830519296
630074366
888267152
-91214053
180373546
216478196
79648549
877118948
627433134
-71486761
845235820
749662363
-881555052
-783097379
100954308
775618673
-582223838
503462510
234174275
-291772412
858631326
549170113
216631119
559489416
462207024
-501341165
48139667
770314982
-785230460
-313862545
196883588
511128018
-706793842
606555826
81818769
777199650
-537305120
105039469
188508512
-696423583
-131845936
309191314
469013048
-151856210
-46485200
-532455722
848862216
-57198988
528092850
108530632
-118185239
-804294535
853675753
530325521
-224626886
653702944
166987991
624291366
15114190
-468307023
291198234
594207506
921720359
-884026300
270092532
679241145
255189385
139565043
272902201
-178125435
-866982335
880864620
607337303
-778322233
489289098
-7150454
-947546155
574024953
-833980795
517397740
-665531629
836685282
-213964510
-968772629
-820993895
796160872
-779905713
-867074329
-126422416
945623651
-465287578
704648035
-780260451
-295234762
775597902
-884262853
-563140716
-947151700
-375610531
-317186764
215679825
-213070563
-236519021
818549147
-507641581
856519138
231314345
-286511595
-676254861
-305107221
840733523
-419241201
-474691737
-69251870
-345346940
-530421016
-194819732
864062605
303237884
-784981367
116625946
786766955
998126021
-437943347
-669465525
-307017231
-69369779
289254804
579428554
980119333
-909501705
812921498
-700762350
257629781
-357861920
502993282
-875532455
-114442484
-735362194
391140012
71501188
-250730982
-516267696
577324901
60392869
-669884291
-996343544
42231337
-124736533
164231629
438560114
-240330968
69715847
890941395
-355679649
54631043
-176334571
666895072
-47845573
397966379
310507596
-494041577
-222406317
503044419
-363728881
-357137223
573724451
995876458
661674768
-24690076
-403465019
-239714586
9879376
842917026
-431360916
-364198373
-746049211
111866254
148457773
174439800
-242279861
-597798719
-954434572
-773237023
-282478985
-882497014
768544242
-582167110
258069730
-586360507
416854438
-730183818
-639543473
556932882
879713323
168667035
-19816547
836314717
-524182274
411863390
803676757
-902860836
931168473
-459124637
874678838
993830379
-504354334
805448364
745008144
288473098
920747291
-834822261
-444044191
859904403
-373918806
961945351
-961621329
605373276
-148975229
111229702
422151310
-139205632
-951007621
-635296299
-991611970
-485134504
6828221
-69262918
588019461
990527663
264788542
-18429331
-901216906
377159150
-521189909
560613380
-762705641
886890102
721721313
690741726
-964542986
-375676192
-269595163
418666656
-619602605
-453804959
290607130
710114787
975095880
543036251
-847060460
-493408575
-380845660
-54540485
-47603510
-356095230
-130405994
-121044077
-92728749
57915860
-471153533
-624595295
-810310214
934598063
-166057883
-322139736
868903404
463823354
537816442
785221417
-32915453
-981368390
-823585924
-847381445
-376499129
-419779637
198448719
423037016
312623844
589262857
-112459192
745983392
966747654
151602557
-394171679
-931889410
-827058675
558371173
-408827922
-711073175
913578027
-849365208
956473068
892301030
-692580780
693072232
495452064
-377128054
727746007
-961876487
-235044815
-148985508
-480882462
140054179
-497327084
713229848
-242123100
30821380
478306060
-362744616
275510453
479898830
831425496
-454011385
599292933
327982511
-126570850
770729696
184613347
292396680
-604658171
835020053
-370409042
193833625
109862234
-11685422
-658910167
462692121
774749392
860776922
-165642614
515580382
-813163544
563291456
-74868559
-15562587
-544983060
-312970122
192785151
-228166984
456831003
-626251559
144321740
896679392
-184266842
-963843698
-626584906
32925739
-506489624
59409864
390057483
-115681562
-159729886
916704452
-344876772
-49869832
732389308
-314689207
330844286
-756036093
-470357323
-423572807
-21729417
172693047
519906800
404620607
807573525
380727685
906163987
991817084
592912273
252878671
124600612
103053436
-75364898
465470110
968255141
-102029944
-480453324
-730704143
-270824860
-568545027
-928817987
619492486
-633334478
116692401
-713621775
805011032
413021332
32954240
-130363906
723524445
-787236150
707336546
-91987327
436895362
495627198
-521145315
-901578517
780776506
908844470
-196444845
562500455
780447923
-815177356
-89272043
-112633266
-935809645
150394989
229803204
-390098529
897786966
251184717
45562979
-875205681
459845640
-64752736
-751549578
607506481
212378569
101393325
-961756221
-24689184
559521253
698125561
-666020306
-806407029
439614785
947013338
-875781509
739653135
129039345
227001754
251066673
305244077
-586178329
48654746
58905837
-772678969
-549521946
-433605106
-455658026
448441698
-463558801
-23143384
-765477104
-397344117
829121815
547341536
941147736
-375145991
77893069
243429320
-21081654
1072
-981698257
578237484
-124816045
282992713
90787693
616487044
-530522551
314921084
-984298555
982447299
986533514
-66261100
-888375905
-829478776
678743918
-344172257
715003262
487969468
-851100104
-653774706
-243323061
-368606506
-770157578
-971995151
164144213
-689047074
733199124
-261765610
-673440037
146508328
-968444958
959559203
-306570678
10933896
-249435418
955924622
919099048
-985691720
660889291
-790788262
430521941
72445610
942495776
-755653376
-262230108
-681461356
-759617203
-752899419
-280398370
715037445
962930710
675512536
316340423
471917401
187744310
-380925349
625116249
934239693
-109863508
495472060
-232958958
-64515479
-187445837
44675099
-482942068
-49491476
-160310774
934244027
807736004
511474729
-149423165
-819810739
986021080
-813061056
91154548
-321353125
-290705910
860969112
912102755
480323323
-791624417
-336386751
-179869530
191071571
428131239
-297532885
203181554
-199513255
91466385
-173925451
105499202
810365313
-682829337
766389877
977322778
179477831
184408212
-858810303
-394299792
-49702549
439643782
-230647181
804582956
831402262
672709842
827403361
923165207
-212080666
-344623627
-1426572
-922710286
-192673638
27007030
-595160345
213634211
-940444585
940518439
-72334050
983604618
968416405
-900028086
-924512096
320295155
-459095345
-936256845
802788004
-795824145
745766523
-327353965
968630677
-646474349
-597715035
469280846
-92799041
918170364
35868763
875732543
165514509
371714006
-899157343
-682925019
-456056977
-57532741
-82910247
-877682465
832031246
-745817730
-784905154
287274122
-642665817
-427947074
440058910
464722872
103092571
-350398539
-647124202
438970084
-939804411
96394742
28930326
263138638
644865256
6024459
612859456
-776240515
-238134558
-480261760
-311473970
969834624
-871324279
-394267569
728561121
154222679
-876344838
173383351
677613859
-794816887
-52274953
13892508
960221673
-426743595
910415749
-80145023
-585311758
-627470607
-916080916
-561535144
749696616
-814277916
-770881067
-742510060
325855381
-50458403
843007924
689811394
2200437
634531766
-965818869
542066112
304125885
-970903743
978232386
481473854
-141944700
-710845140
216353451
582665524
-35823786
-373330760
-467490366
220343067
-830323655
639316407
221435335
-485519973
305376125
-57394692
774134440
-231041827
-162328144
806050591
-410711606
16755181
364399525
993354084
646302910
-112242895
570392844
-231211451
982262868
293870739
821056703
-413832199
-762700349
521590968
-225435349
-839890459
963234726
831100781
-776971560
-957641379
-706147008
162288023
481918091
-177368729
-880915925
-62114456
-668347145
-864277140
425265987
562062056
-301393994
-979958672
703255915
-750591437
458481847
447342317
340190158
800864781
619701869
-279386538
110559494
-667605814
337983679
-726427219
233089122
521011022
-153789940
525776688
83040175
846693063
303851103
192467107
113382694
350601148
-3620065
-110569388
-363960893
124767194
765700023
361684352
-560689142
644927427
-68392525
-786189373
-977179590
-647282889
647126905
-842217401
78438463
-183308573
474362983
2531865
-691153058
336872350
425168722
117220216
233830549
333418765
-39536516
-942745495
764679075
460967984
56630481
871262803
-349308441
941426854
-52765797
899725473
-22729375
290801780
752657914
-665059385
-852791753
-519421308
560194537
882063619
434172309
-868892361
-150671848
-386535956
356371603
772855791
-200667369
108967021
144242082
485747870
-610169064
-327779235
289450785
712609769
183557308
440496399
-103899031
699251340
593098715
-508345892
397048269
-579321015
832198046
-719084868
-715074297
388653260
-650190779
-215019992
-365615321
576452658
-389882186
-16087983
769113844
-787659776
40834403
-768698212
229338595
-117573388
574980634
-215619239
477515842
-853847125
963930177
-312362587
771054788
483826318
358924197
-703400355
-282578923
-131360645
-647248404
-146819705
-902469624
-484619389
-290992527
709245347
-461987596
-704710481
277258535
654080981
661046439
-639392292
795894417
100289044
803119570
-728753899
-502816271
-948108574
795103545
-269292869
-28126932
-870536057
966538586
756240461
-774760247
6882799
138740551
65374682
-755553768
-955217118
676480661
-382174208
-856895121
-82245797
-79826323
-10575713
678832784
-967774520
-547311169
-437446624
638155046
-786802211
707381399
-879868580
-733427858
-878437291
-628459384
-686686678
-483192377
234224196
557578888
-1746463
102121037
133287012
497078235
570089027
-102316346
-225626760
-724952070
-43381661
-521865951
569985320
-21116265
214106240
244746346
-465153339
547855084
-113025459
-80710150
689228453
-50469022
706256166
-769671130
-429199045
-640911872
174194397
847829982
-890565121
103793885
800542112
535820325
986906463
-306815202
775708710
-177901924
892060123
-908472864
-731131817
-363429167
-393776388
923048271
788669636
-162595561
345147190
640148834
-901489312
884734896
-742116345
-186159880
-969465513
743154416
916684956
-397729066
-581376640
936503239
-564035949
507488315
81446894
-631555857
-343995172
999904034
-990227802
-630697810
-419912008
563027476
449804138
947460424
39379172
694057895
-846907724
557919749
87709391
-190929002
-861371457
-759225638
878292862
-887089218
-845652809
553014704
569052467
194577968
410007605
-24687427
-622918581
997932601
629003515
516806642
936670613
496431088
-848564152
-562191951
246247314
993853385
-288225640
-70887998
987252278
-851379677
-343976514
-571176527
552255108
929874818
604230643
916998120
-317451115
812296234
-577694077
-723139417
598920883
768075088
188284074
359268228
812253605
-307072420
-341439242
-822876649
80770680
86256918
815287562
-809607515
531210927
-619584990
-202578820
-82612576
-139503182
670570941
572802935
79239209
274707898
-337071416
279983615
273962277
-860660251
498263155
-130863790
-95364247
-194940793
681725290
770861543
-13971483
670920783
-200747872
-238262530
188874451
113296932
-566463638
-321820738
94452762
-968631739
-751379375
632844736
261293103
631571374
-311300769
572329661
-703970067
-127476663
-648896884
-561426198
181096511
-160822491
294936213
-371655656
-783574351
-302597097
-295092478
-119984066
-815694792
-497111671
-535709154
667347129
399386879
-749924584
865830279
551524155
158993403
-312194560
-915302242
-835931875
-263351158
80723041
695577669
-676588099
-335109881
83009106
980570145
-99839222
-641184295
228228068
-926278894
14036
772068811
77911917
-374139638
555751967
254667366
933519727
99582874
-509975204
-621791304
514918007
984828236
655006690
896742830
415539049
-278377290
971769122
-611846961
849849135
-156342362
217287600
-119951179
-599662147
-784611019
-816125509
-933405700
-823380452
-103493632
-464002265
742439253
-950227182
471336594
588171081
741389242
653189232
-645250082
-708242370
-648558660
-852594952
-473099801
-592661016
326135800
-483022616
-601252734
87947911
383035048
-716645081
-239302093
876476143
-810373547
213367563
-55361227
-459754389
866153386
-954686267
-732874090
800203311
-741737883
-720994710
385623422
521561202
67921766
-263707746
829930640
889305904
362174954
-665760289
-924430488
167631482
-817928751
117396843
137437765
764817016
97755419
720426703
-595450627
271406705
-411179250
393783482
121386693
356912864
751247466
560318037
-630322610
-158776160
-824872423
-372887278
962673383
-174676938
449669593
-784119863
501341868
-15644695
-165695479
-724758336
-597190965
627672423
-851233879
-524684930
-139631274
977427679
-801003931
915014688
-729564181
-947047846
942739599
410647633
-674346642
-822167305
934566335
672007786
975565547
-266290536
393711969
63974642
-587778998
-655268851
16185200
-151843070
786322545
806410944
-294234327
-160771840
423411367
-646115347
-869070951
777613896
995199460
-783503937
-625194766
-404402918
274050767
635697127
460477360
479441540
75957796
967470963
208808922
-554699247
-359060009
194134687
-405284149
401366036
-260157719
-978998706
920076006
-823874741
928121748
291775263
-855996101
831167459
-18528914
285643496
-538892370
468856228
-564054863
-276377775
-70520795
-797739900
-548580225
698506959
-353258345
-298396652
-310760491
541038523
252608493
-532875327
-404614592
-802900962
5668614
-772025179
405067183
979843029
-655118581
576629604
-476458842
731168126
493878789
-915860756
-12367490
477995916
508742351
-783111423
68921759
119840284
-386703382
-488317830
-481082582
-246583849
579184149
-756199713
199694490
896237061
271314506
-790019584
472137472
506348560
12083285
-124626197
-815775024
-146759096
127085640
-636492247
-585842225
738901962
-157649104
-871956452
325544151
-376498677
359265195
179424631
-659853338
-55351192
-251769821
253942165
-994858251
-549571055
128900980
158069622
274676838
-64413547
463168932
439066710
-574505830
316600581
-613425456
-353313300
345311391
998016456
-370848216
702975548
101976582
202806011
889971473
-188683821
-855982206
659772009
638705467
-452050802
126894567
-494275209
787281551
-553007201
479541923
455188182
-324416820
453517221
-353391490
981685616
-174623678
710804572
-889790078
-824939816
-992238505
-305829446
592241126
-730032597
-628884139
-437129749
-464082988
-70967634
193171893
-305242334
-488618956
834101485
-282651728
-321851121
-821352604
-227750329
-73250070
-233384329
912848345
-857106797
-301993122
-249659293
977236053
-777895878
-754364143
250400308
-98699328
21669630
-884479535
961230648
911095320
672825199
803482204
-306497808
-402131890
-285654847
172235
-765761483
817247165
423991736
215626653
-637013898
-117824184
991036095
-811131620
671627278
-965271783
-947772178
528430350
-683337268
-222970065
-16736176
-397663536
946697735
-810389259
868198342
577128342
4838357
462106391
-409974271
-195594324
809913376
633465517
-232750025
928887768
646465305
47797280
-599499800
-943407854
909272670
-956448704
-201683508
376080477
817900619
514965169
-590962231
562007825
444536749
436368599
725958674
-477552189
-205495781
-99706909
-894038683
-182330638
128511777
347407292
8354371
40135398
-833708848
165191035
-291431297
964131708
-602349058
393591905
-749612137
-711228110
-879656714
810406381
983077047
490397841
663049277
84313454
-338938413
356866497
-691806965
831658042
22966546
-208957146
784613963
-55491328
276914619
984519631
-412030987
-918506777
318793316
-834130591
-277599264
-661580004
712192161
-143378720
95448522
395078063
730407384
384026653
-129806838
-409705680
-609102404
-660596502
151931150
-935245144
501179873
566142177
860749515
-228737212
190195063
-246830792
-821079588
165506657
691193884
-976245855
302767710
235062314
-981123923
55272025
-179508597
-572409565
105603177
663861523
-591493386
-28835341
-790480795
623670751
490630091
-893061963
673981766
471373408
-41019602
914832878
-519348016
-88582505
963327471
-208240533
785223095
581322695
348543142
-816854346
784827552
644514926
-236150089
216255148
901018736
27519350
947894000
-3639070
-557307383
-4851458
-405033783
-550787752
668407195
640253533
733227826
325426198
-593247763
479506889
-192953824
216676614
991202368
421965533
-707075682
793816839
586519279
-480325888
941973894
-456167904
-995973951
597428198
-481391909
846920401
-791373105
202141744
-548266810
41003142
333063948
212151343
-766089429
-729069275
-21315210
650978502
352531688
927138758
29556184
-764867987
86695850
981640322
-932957127
454903378
14321515
-673589404
-356121115
-905798758
-704903284
-56565635
399792837
-58465398
430801684
43091261
166406447
609158496
-893785607
-163624461
-414875982
-134756487
814252794
115165815
177150825
145187921
-246620305
-491845661
78305168
-203389529
571526128
-564431888
-724152441
621890913
449704231
669718114
-566948363
-790138944
767745810
-427231735
-423515987
-978056835
-923414890
-516436004
726316825
268470629
-578797682
681179378
-22993234
150682908
-48088434
307098524
569667918
-281354589
-343938553
-600362636
-437451963
-77394306
-778780837
-550815333
-621149609
-639272690
269075946
253703689
-528767460
-421722538
92403878
-656182691
-128451398
840593935
673658135
968546954
-800848988
48675946
775239130
953148200
-624016490
-617689768
396066644
-739462307
-52079358
-346915642
752020869
264047854
734882729
184127019
969439373
-920442699
-669270953
845527690
-168657536
-283626394
407041243
132938028
-512881893
54120218
-360625091
412074368
-452211246
546538896
-416958756
3970602
-159681931
-805961177
279310132
335694206
589289341
876130804
558814562
955028729
230840527
-537323136
-260988764
-818574576
108804865
97110532
471821221
710457138
-896866470
340913793
461374432
-236539659
-324214842
584782483
-219392236
588032483
-579397738
-532631189
304827214
-648714129
-24587758
-775417633
84619068
-649879940
-311762355
-597963207
753341957
650216715
-607426795
-491779442
225927730
309476825
-701241111
-298595794
-261106375
-450073307
-398910055
-551839433
-578458225
-239793287
926984004
758250987
656973852
-424810943
-556749757
657425849
-592676266
85434244
-335673244
-908658655
-221309807
-968637237
-425428947
-241296824
758310222
105881004
-248897883
548690254
282297284
893073329
-500992225
-873143023
149870759
-94833676
-146874818
795496827
388769380
423358241
614613114
-24005562
549644440
989738305
-698891810
746865216
775716032
-495008232
-136437028
-870056273
881844544
646333913
-783915236
-654086246
-711477892
-819275183
219767156
301387572
-369670648
13750316
569916229
-451630643
525180244
375331124
108006191
-217879872
83965105
-412682029
-353482947
397076543
-336305968
-382130744
219973171
462365326
-870249508
686863563
487709297
847527566
-700146273
970074905
573560489
-55477923
700159512
444637998
864596716
773855557
418736523
549513563
-260822944
-252948394
843506415
690638065
565238647
131367150
-74403108
295078011
858650530
-576622095
-397620482
-418655234
646778368
480119954
239446292
-419192622
-469897936
833678529
-51376107
-196413161
-469310393
366890545
-169086611
-968817955
-896040955
-914659228
905483958
280430658
-31086314
-460666464
-522149288
-91302962
944785123
-715986751
911236687
772819030
817656086
399431210
716628927
-820398917
654871471
642807520
-222235748
687387088
-527206262
308205904
207721515
-138231005
-891010152
58174371
248217117
256744939
526953856
-526327193
449487547
933605286
-328065432
-761158052
-702647472
666422973
-20397224
5549192
646310239
980019133
811305781
18364831
108967933
-947007583
-831470721
-632413887
-980133882
-852477256
669148377
-333698309
310300557
-704687807
-329229437
-51569481
-702063366
727783656
-993391531
-266878527
844198475
-235160608
17692359
-43457925
-274929767
-633330132
-119050101
-656260353
-910811873
-592362497
803136503
573088621
-219714289
-950321834
280245375
123985208
-235947722
555060595
-476783210
477181383
936533882
-276652918
481913730
367690809
-876160708
-440176337
553585629
581984699
-621543119
509835430
497337776
87655253
-164966011
-974719832
-718952308
243083849
-774688489
-960358638
910431761
-499747638
-186664474
-40110193
-217322472
772925951
594855335
-243659585
-101636208
798068252
-519513933
510350099
792204099
-873106193
-248280115
-695253045
-568789670
-7134655
-988438041
-680288017
-321568521
-360313969
237891475
-844190503
265328504
117834109
-526117434
72426032
-940123277
663539693
843193385
-847886660
-800037624
269609065
-256779092
-375583117
-668771571
-834777225
704363460
-435793157
-346075399
-927302528
-229068561
-561913351
83520671
-695930416
-25506931
-626857504
-979338336
-59567430
-148706472
-994762261
185617776
-301073959
8341122
628047653
954057219
286732657
-307366038
-782866267
-532206317
949833715
-252154886
185564376
-458258927
197565087
-678416225
-74049034
-847777724
694366438
194935703
-442127388
383802915
983902128
392585054
515933710
735437042
378378514
-250985773
-924601600
452326396
-584757301
-399020977
593206076
-591089563
108263522
-437759728
409794963
-22061428
59642844
383781485
625519981
-50103415
-879944681
-252531677
-956422219
-944155435
-486583353
-655135283
725056611
-780043255
-847619062
645839218
-521092441
553022655
-900511319
780996015
-716693867
-927951891
-631316937
977659925
944536912
668325660
159210089
345431016
-541482724
432007101
-661311146
-125398799
153107057
372950602
750562803
372062482
-688317162
900938657
305970856
-639270992
-29479947
-446079685
-975301062
-737033813
422063172
741789713
-892376458
-568911496
-387882194
-204951733
631806455
283111965
-586548812
-961811440
-681696109
-898791335
872973341
482777212
-648839064
189078498
27346715
-775049296
-338070146
-716197178
941519996
-110228222
-137475559
621768947
410859913
-463969195
-43505250
725031167
860564868
34525215
-477834739
721201831
-808188046
-324109676
161850202
382471001
-202562321
-172858887
-418845087
-106013649
-258895683
-762166068
731022255
-466013542
-702597605
391838785
-355364818
449185106
276627801
-306223275
-204534385
412554757
212742469
871805260
-459639840
801436856
-940829203
-762361338
-123404268
-641336759
900394923
746462217
-879797296
-337686482
408783145
906857546
-789314961
-924205487
-735397584
140536988
783004703
-281068411
910159774
894528178
971684136
-982130269
187850614
-13228590
-545269939
823506201
669645643
343290143
-266961037
819267685
386381950
-914877707
612384697
441986530
-453779293
882301358
-12704204
-464218696
-534843780
-749891266
-971614208
432822864
292844159
209919373
-647843293
49622931
825269045
194462821
951731569
-509611065
722696786
627014757
-436970836
-148178960
256355545
233890665
-354812444
-605860964
-76979119
668680585
-746731988
81932200
426986143
-207348842
219963012
892442189
918149456
254007464
872183047
797432714
-326593965
667361464
-225842067
-434432094
845659093
872524219
-182636711
196784283
-517919612
453030959
10929472
-615331879
721664441
-890662390
123504049
-101097608
-637981284
703725991
-310474245
-315045816
981317258
150146380
99505900
835237225
771857330
-774497964
-871391053
-526995584
209742015
172780286
-583128345
185614739
-111549777
767300048
907699872
-299050617
984364995
-187581015
791056579
-883231181
968096911
609594210
-221760932
-690758368
86878257
5927456
14550308
-846024224
-12641478
-169907961
-258142184
-706048319
-792567700
833335499
-560086852
582811312
-183739890
-569863369
-812344655
-297022204
458548735
-356745319
529364618
397133410
-54701035
220817218
796470562
244336020
-194888541
136184568
252275252
-166095425
91226069
400908315
-453958513
467704646
692437300
-683032849
343077639
160642920
635920282
-648166375
-342915588
656933894
-343100722
113905445
-51515516
642959746
528009408
-638818236
944243768
769077444
804617314
125228819
-901792104
-261270698
-931438560
-997190506
94842652
390327215
-615279106
215738947
-82631976
501614477
251711309
426324027
547965642
-528073093
-485077494
107756692
505236931
-997224846
-42507821
475844336
-436461412
199719559
740365061
-864790477
-33912199
-211062872
186486277
364686728
-361295281
-70080222
-949140560
496957216
213307517
213351427
148210825
375644921
-668422566
138800884
-703385214
-781835044
-793110187
38817862
297789224
788001525
518955918
-156083677
-64291355
864657289
-813057404
978210707
-620177646
-712449782
115902504
240532069
927060294
-324688718
211313449
363096205
342629559
-302444708
-944896054
545474948
-813023900
-546999808
878016605
-942387883
-676934711
-104800369
-919593882
-721166086
304813013
-153301459
-835556745
452366257
633545864
-30961948
185053402
-864468381
389071501
-757425801
774764502
-556889523
841210219
126914505
854712538
-417046051
-335501377
702164618
3214915
919722418
225064220
151803662
-729874998
-923053114
-307754117
766223417
-237183091
-196866392
993250912
-881910633
-646736968
933094113
-425006708
-862276728
-414738224
104084601
-357944999
462121880
-917416804
-235062638
-144904523
165284845
962642352
114089777
828797117
949385946
-866505833
-84502243
686087669
-101912688
474629020
-88096288
943562530
-483963661
2783285
-818279958
-556835387
965744523
-393012979
-944386859
-953470924
711039121
-89689683
-789174332
313929046
616751145
316712134
986502116
791560698
-704808784
-761351651
702670612
-786382380
-961430230
573813011
810269857
915328534
285009118
873720272
-27432918
-832353369
-228395522
-308930804
165033123
-442514685
-388384135
176345460
501293999
791063045
-694284847
545845185
-541915817
-884418559
-726484361
606089669
498573446
585833685
383001036
-997757353
-711698176
785883153
582183567
74863551
-407483789
178836468
597969794
343945865
-563184806
-660528600
774483754
759619846
485299039
980393648
698855499
385859080
-912453105
-302657043
892285132
386048336
-737084450
-609881749
-76112820
661611785
-564576656
-290397105
-232034984
-481884618
-237350145
438909462
-813418935
-775404789
834945606
269088439
-665323223
-458293806
844517254
470187068
-9994031
-814281694
134759423
-939736711
-960954224
104957259
184670136
-418349325
-44642972
-125871139
-545551022
-651464865
470812596
461005659
-263213349
590585828
-382998901
-307460498
-883713501
-536270084
-798853817
792012854
-547807745
533949221
42112780
160185802
-410589332
-173568632
-197987599
552711521
-697553813
-293133228
974153617
530126112
-841222299
288915167
307371391
227996948
833716025
405873124
-830339224
998172219
188593636
639648235
-356578876
79132861
-692660276
-271080392
871576376
344286633
369907511
-849373556
857238841
978752272
-448555089
-296707260
-850452794
840094622
-36909263
-445779491
265801917
545301333
136581797
-237491098
243249686
984458345
-90601929
-979888420
-809627982
-71599470
734578858
-240444401
-448193072
-740274218
-559762119
-317676643
16970815
633599642
508139897
-991151878
63281644
557610838
-912992400
-539841222
671854310
-810772919
-196397745
684072028
-718593047
-191710453
938520938
532228064
-541062791
811264100
766964516
574329229
-743330123
351410977
-201694219
422823346
-817771663
-418999517
819951637
-841513080
36041202
998398868
536057795
83870132
291775045
198239285
791089970
779197672
-629432877
-551408879
-638116183
-242510586
557231065
-724707403
407089707
127068522
951442686
109680870
-842719912
-574497376
-778946493
-943225872
315043276
-762072537
942803026
-656721207
359901720
774583850
-435041752
39144760
983633260
-982949743
-32898127
-500189560
959268301
-28307344
784806045
77361575
-352606129
765536756
772790248
-546397983
894118584
558725368
221196227
-230138701
-956437834
168795044
-348947794
-802066278
-640227033
-8758476
694064208
-914555342
702733983
-57072677
-95592294
144716866
-836682626
-308142334
268433817
-327652619
-809565988
905634080
462117317
-880480979
341398888
-841168934
154539258
751458043
-893439512
201796293
670918416
680536362
349592942
973379145
-372063242
74913817
-898264415
478160438
-411755814
-21211259
-700868354
47803670
677417863
251066571
977130253
-319381008
519185226
-577990900
733169612
-912338046
158036664
763646431
-984207165
-889906318
438085701
-640953819
112731920
-951627218
-709978362
-219679430
-660448478
-434362072
900417759
946624495
226196098
256537401
-819363890
304660239
648044787
679165169
-708544407
-757297447
44823422
-512000125
370681272
-750060352
-571797128
227722074
-170154754
-670890311
-648864982
-960071847
-443696662
107275564
-188727195
-402900272
281440054
-564495581
-283364862
595016411
551945831
-825291605
471053961
-375434721
778988023
648382031
-973307640
-415380039
594429307
511211701
-873561418
-391961316
15300781
-156889129
-640057839
-990382050
691106068
339016812
33714582
369007660
138490962
159076709
-957696996
342066442
364803987
-666754522
522595435
672364901
-649842493
-745648799
-947645858
-4650801
79982652
-12140400
-622825912
-887570105
63339897
-458776480
-980944260
-189577239
-129386696
93094885
428979264
848497595
119308491
784589734
315052666
-610564086
244814293
-622254127
139869432
-230225165
-174307423
-591648881
202141273
-733797890
471888414
659032946
795953818
-369365276
645903995
-266820341
-675212224
972177755
727477657
-883799521
-51340412
613032629
-331186724
936826822
266524724
697584971
-532221689
-438328696
468281101
835703749
-678083373
-643326681
-509424008
356359530
911173808
-648060872
469003386
864112150
-877968245
-815096047
671658026
-705434630
-795062345
-948298621
-774554564
571459421
-8422076
112013492
-378953669
229520126
884985330
-878899605
-181110704
137992240
828293389
-583871176
181121476
569391814
-846909833
-479108174
10116371
430049834
885225293
54184920
-304396375
66662797
463198009
192244633
188823356
-614057672
9715796
-588067984
362889413
121875202
825871285
255493414
981554460
-791524390
-472487781
83727547
-197870289
74325124
-105245645
127571295
164749278
770536289
243500038
400657563
443042679
-207707802
57199873
726533517
418231343
280965410
710434384
913800679
-410843348
881450429
-630503046
712676987
885290489
491390056
848864703
173664195
-181526068
155670665
-176624206
185314861
-468395000
984521594
919773612
302023307
-63739922
550797654
484126149
306386163
-318446221
558225507
-178095306
-310257876
-55411428
-444198269
957918459
-478522011
-892386087
-334608893
434005879
513744978
-442259171
-469952450
-499690805
7627613
855285116
-833532254
840229625
-368829538
-293955033
650730763
-824439164
-766299287
-153123562
733964458
184652964
-730102528
93438928
-709929215
762457379
-84011415
-469737510
151489290
146250711
713293915
-229062726
722276983
-710852164
-33975726
504714918
656811285
-859413075
131491266
-50041650
-521537462
656543423
-241290648
-847478205
-285013827
-605296069
-28224069
-754041214
-211739628
-162572491
-959693151
9067736
-933670451
413865343
64017429
-969993610
-83388414
-616595383
-828070370
-426141857
-378600914
757972943
-884191410
-736843486
486383992
58537150
-482771031
24450014
499741248
550118980
-487700755
-66394595
298554225
-574736204
-579522725
-616726681
-284230257
-757090894
156009300
-776241194
629181265
914772828
-84225445
-846271186
-575015783
539157384
731848483
-475468011
242753763
573696161
320797966
-596117499
-596901295
-735324948
-920728769
-894809252
810204133
300173150
653365904
172137714
894859207
-70430233
519394177
-553247814
-948542165
-58171857
-735536830
9959112
-933648395
-893827606
728466265
420472993
324866513
472625615
795660188
-813898212
-576421678
-531550243
251852406
-856566453
-997504761
918795826
-761564876
805644841
954591874
-33398629
-958520852
543625087
-639515273
-610770355
-992714238
979591235
-329571944
837406674
-415549754
528718987
342038654
-336405106
-262607301
-63900628
582776131
-488096531
-240089613
-237100813
-600458452
698868268
599943807
62367107
-850125632
900192897
-181744198
-54357372
635931750
194753546
-914628110
682861
-609280824
680713186
-288442984
906476472
-805318199
293335827
-834896749
214813029
181456493
68192834
710975600
549363816
-608768786
869642509
-398253214
-737969598
-916236723
405520806
-148614396
-406804957
637573208
505644002
462692142
170924865
790450277
-215276754
-778358083
-305729709
150644911
169233571
20706795
739228922
-789784552
107221209
671241569
817990509
-3959314
372154432
747378169
549931266
-253574716
668239302
824787371
-709330994
477100938
-108899955
-484127986
799044892
-16422871
-149199913
-324468267
953960722
-264587832
267848827
110295544
926487962
-77973773
-795750796
-362963290
399126694
142171690
-127474949
-671666343
647237362
648891235
-664230859
-678610946
-238739752
857560338
-184976521
747187093
-475296346
-144331766
-908773674
-977275011
695196850
34521035
-224291341
-751586435
-858477079
-978646451
-180700554
-381080968
-959587198
-323067699
994000213
-507837445
600892613
-536994066
111839297
552568200
981877054
536958218
921690943
386527835
878101355
-178859053
565941011
503042512
517348211
-742986638
501418905
-180631352
-582604980
-507330275
928055858
326650307
660537290
802221098
-774423687
315578354
153057409
-426316403
-879688507
902003046
-817843931
-384648051
155663327
202482216
-781624429
-929826802
-848352874
914037494
-783116789
-256616873
60769599
18144538
-596528535
-656963568
-683192637
-586615808
-992985820
750429715
311116998
452861069
247341340
-342640364
73588976
-208816672
-719270538
-760698547
717228484
-749008297
-65623120
-970097471
636919995
-848728918
643279941
578353052
-359344132
79025172
134853625
-958422855
176744891
-956773973
-366849086
-918336450
-383472853
850434257
157013331
-924488094
-69397215
-681519933
567952966
-496199601
992705607
-444740636
-227434206
-715664647
142109858
824846740
-579920624
-742033345
27263967
-71965534
-526554264
25365020
-265056736
207054271
418565766
-261041987
-41690356
215705877
-515979724
-468436027
-646020758
-960563333
942820483
971711649
370552677
-403922593
-708623068
77071392
784740644
-176890112
87607673
-692994443
-68878456
-294858108
-640824196
-77370099
10230350
767437696
-180354352
467748933
781080463
-106288444
-89859665
-483512371
-87159053
-775154145
461646162
-906694122
421256593
351452625
-313123748
-659661388
415267927
761763692
-471550556
-408136266
-551012186
814499793
-342654750
-544861693
637381469
-679941884
-293211313
-394219646
-151263185
-609567319
460705049
-223918982
-133692684
-108818930
120796755
370703518
807367889
384782055
898044774
-988396006
820776004
-751120333
-363651912
-631183749
-526568105
-308825510
814191690
-9120471
-69455828
592356123
-784195073
351047080
268063789
466912606
-444569154
13126420
-85480719
620071686
-713293768
999174294
-548612539
436626061
934477917
839470527
-416810523
-30877900
841297059
-193902838
216811223
-119209387
-202587004
-188177819
230358996
-349506244
-786372473
-79199563
-530696268
631175300
-400412510
21084934
810450122
868172436
549425545
368308347
482733929
-773568649
-830531366
676807643
536529438
618501882
101476121
-96338545
203501748
-475360057
653615384
-862617774
176013827
-746550139
-2317534
652489565
-904583949
982227002
-258228493
-906544885
-655996740
-757534466
429279109
-833931453
383345545
842139796
827889080
-502141133
925115821
560980666
405141532
-85526000
933068821
648078546
-660351303
840120746
860702722
418491950
-358595766
95143936
-349295934
-89948644
-278322144
-10975101
-5325821
723807799
913130841
175685859
915484157
12200154
737982907
899125379
510728753
117141001
-188761283
-203083033
-825244117
-834427875
65932968
-199997081
-555645959
708147531
862492597
673882634
-891615637
159431933
443161452
945136957
625949943
837463492
210009446
-617691031
-728085604
526058227
352313374
317878347
187892015
-689280566
-813269135
472419506
64515216
926734552
-530704466
-435190324
863535768
526569129
709008665
-525672771
-900334668
187172297
-802473349
-994491435
-354709938
764317517
415550295
619168081
220641205
-470003079
367695832
301310292
795707330
-946552597
123822813
280192970
-554673195
-728101108
-586490240
-539529931
-580776088
-848543326
575119172
-941481084
928275532
647643777
-907225126
61769503
-115882872
-682996127
385730448
642866688
-791019573
-285069877
556623191
-550369541
608405130
481086254
-877956753
32619294
-184257350
-507389938
-779569231
685916979
-791850148
397470840
748372834
-727822720
861922016
364195373
-909287693
700501703
500044242
-620178066
-773548494
645884601
-701258103
-964502053
-679518101
849301391
-518954677
613470589
995501077
-357417345
-877750717
-768818990
-519647477
510242002
-934464368
502690169
393375989
662539171
-246027142
510168438
-636036667
487952694
-267696449
782581027
372006494
606969612
-547211852
-412089009
120223484
694621063
900916837
126123452
795291762
-864707703
644877890
735601245
657342785
368744297
-580475757
656829088
-558216333
401382881
-183743510
169065785
-703932424
-510085207
-503370501
-504437311
509173887
-666692451
-869225104
-301986956
371536921
751244177
686138209
679815679
-256120622
-723817719
-177221334
475787547
-562135996
-295947428
-846334649
-628780085
-676943035
372451716
-695617959
-976875214
528798400
-182383291
263778574
874630049
-988817544
205582204
-736424491
339039210
278092340
-571401387
489203306
-44559721
715982998
409506172
870745710
-91711370
199499537
699468924
-739027080
-306164193
307794828
285722503
-380798472
-150325991
512332161
471349781
306710466
394236150
905725780
621403914
135236009
11278482
485623568
-224013685
-808063580
-918450503
427940073
-783115956
-251770331
-107795726
-808639383
-73722149
-267241573
340754913
-616407418
-711196655
-309700292
-624069566
-464295702
405333748
-282610972
-817735654
40430321
-633377105
-597804030
178623592
622167037
-264246240
-74745048
-756569133
505347950
-133766652
174678021
-214467059
-877118394
-930690568
289155451
-309666009
340961681
567544492
232624085
408976091
-124221212
944510262
-222617576
45113974
1152773
-678773228
-910837134
96948064
-729916247
779961807
-398506935
87591256
896488674
828557963
763942642
-282404243
502114374
869025346
-450687851
-984010695
-283502538
228108994
-799780110
295277384
-201876958
-74072072
-14087237
-470608148
228561388
847929868
491998420
536960529
252073845
753863416
-309176687
-966092978
755736435
645615471
-533018157
-478833335
631240783
-942371103
-251401689
576732278
-702176006
400085668
-514884347
10321839
-440893441
998518157
312431664
343501963
-803366437
-322956957
-95487501
300164297
270038385
523614689
400152016
-250394364
-779430947
-117954366
-308680359
106850841
672792856
-79594967
101685800
-33370510
-574816692
96737900
225512646
-501850755
577772498
115121235
705454806
-585501838
902078634
341577401
-55704587
27215014
717948866
527529292
859053136
574502696
-521717297
-294619077
-316990892
-979372409
875480064
647851375
-943511998
-528623172
625135207
187299121
686480520
-384582015
-376912788
-205744544
194999014
183869536
-752520878
356650428
943993640
923392415
396897883
511416706
879581034
-641083875
-542603326
410272823
-999246307
-358753765
758678998
-113745078
682723962
-887162490
-787343109
-321650388
-239368980
706095245
-637809946
-986600180
873139227
19394964
-34654416
977356292
-338579368
388447826
-416795628
-340495961
-455166101
-162363277
-518441184
131298022
271160702
-321509683
21748308
703868392
-35151127
992068158
352616902
213279985
-385754564
-197119106
-623993134
612992384
-292733019
665554110
-827738888
-755272452
-589165478
-930576097
24231800
-293929305
634557573
751170433
2270388
18930284
3400433
575606612
-502037609
-382411016
519478662
778206350
-791073374
-612830205
294614879
746989753
961673108
727819949
532048521
810024740
-753554762
616587779
964531035
184822329
136773824
-815698528
-306960531
409262063
-957303701
534770800
689414710
