880462489
207841124
-763242261
610817554
-657849890
420419015
-542141673
-961329048
48968805
-867177825
-141374130
509407578
-841006137
898044820
-679679043
-441785820
704514761
911953485
-764498065
416887597
-859489140
7868135
-434770731
-707645905
6887099
-122497751
-280198028
744243087
-691515956
762331487
223602765
335528825
-942333242
-316808165
911202008
-760016185
-18655775
-179276843
-349494736
-27427942
134541464
241307045
602218136
983280181
-942225807
651803312
-432362348
288064889
368767227
226132788
-220260103
-192802279
-930833296
943291884
178268269
-271530577
-995897154
348227358
-271157662
336214263
181407449
359341210
342896333
924353525
-738184089
-760763655
-503922458
285585160
-440224543
-319596609
888472918
211295530
-797324062
-336318899
396009116
-230948290
197975831
-593720239
449274413
-481989037
720348266
-123689054
-962566465
-685450631
211519817
-483021730
469076014
-723423609
101482567
192195896
954327951
-495815345
-806923637
-459288827
-690703772
371138368
356730863
-593664997
-147167899
275896326
-251935468
458695856
-37207930
-365636240
356369721
159208598
641565800
777380414
11653601
944066046
-854033482
624207933
-116656136
28017858
786324903
-409539164
656458530
583414863
625448607
622661137
228940845
-737885651
-268650251
198887707
-254419804
11435821
902985680
-157278061
748423557
959713582
146222634
843030620
553764618
361852811
-269839369
-614790684
-455231581
834691934
999619902
31299589
-567352568
171495462
236313054
-92730788
-817067332
-230304980
-239357712
-217013604
635862827
-87921648
-961494187
782771701
-472915671
772872944
455189819
-630714523
-760413019
-165088180
788775255
-931034265
-817920149
917295369
-487680574
-196002615
-694105452
-778158959
-40524691
567295131
427156247
337031491
-559421629
486171068
386228728
179579054
326834651
-660440003
-685235500
428415393
-491364403
819582269
535932632
701227054
-89408969
359101280
-397901016
519824705
972378786
-845845250
573491680
365465946
-840353464
-310034075
343355850
459334229
-105981058
-126976007
-923622432
-439011651
-291143818
986289759
301265486
-412678318
-289851516
-367358030
-147707502
101838141
267799014
133688629
665080043
616941770
942087193
275201867
997064487
-131848200
-56016963
-117504425
70420744
795283745
862511927
-784599901
-191739895
6931890
-548523523
111935760
-453841489
370570848
-531767641
-934811918
651929648
970665517
-626951339
-978862959
147523256
46511195
-321757349
-200863251
90594556
907373656
-796443348
349532862
172692061
-142842120
684806544
-748890738
284504704
-202273876
636356116
909592517
428939204
-928207151
156444539
-501391788
488163256
768235055
-924116288
495406890
-338308301
280470754
291150490
378962589
323687391
623302681
350642536
-283585644
624078631
-891664558
-917311919
-136422259
7365285
-688429639
-439209544
-62452901
-575779013
454984477
-218135725
937620349
646283402
820257135
127244792
989535568
1438625
-955370141
507601675
-897222771
-778627262
475858928
606202848
71648917
956161235
30988740
890242543
493654897
-927432167
113495536
334935223
456646703
-529066629
582416506
-825407464
435068366
914224806
-116322755
669017083
562811789
480834009
744373460
-546035200
633811063
658680153
231600902
-359488886
326320964
644220239
876456968
-84424364
195559630
-870686836
-424798198
-362323595
-128295317
354241404
-438963352
-205599166
-980424306
720866327
719016161
820574093
635597722
494031979
463161480
88398807
-487976259
709316665
-569623365
-402125924
-946111524
-620383102
567262662
655940322
759884290
-60278976
-353315058
-443856204
-709637047
11303399
480171402
-118370298
89919987
-106909963
-942330598
971036418
522633300
678800023
-199878272
-629282433
-387334820
683023211
377754879
-555906413
625047749
-132559520
-435298673
181532991
-274874923
-794662471
461253705
263034832
421376533
195262759
361026302
767170874
-982184866
492140567
-155958188
-786066082
-398905553
-777595060
-692674110
963497309
135982914
-853125864
66160600
479869936
-682423758
248337302
340609530
-227263042
61567137
979805198
457532277
-79843674
778792212
-679879240
750472821
92235878
703371486
-407664238
-854391763
248994586
-137305063
-568201102
-194268393
-675974318
321120947
711753642
-765569191
-289241138
943409312
-652964266
-955631805
-152688424
544390957
263253316
-478845451
-283915458
-744743563
-377336959
38243870
852846827
155713004
475339132
-993564961
630280481
269191960
-804899622
317150414
980058710
431529312
382355157
-432809706
49711016
-599743491
-433299631
650023099
-310807555
-53482739
-415828355
415933947
-410504005
884338886
-805101790
774616528
360388129
-553083961
77353867
85347218
362672960
-440712054
-849090799
-852939878
708813814
75875906
-701952318
879106133
265672978
-79638610
143874844
361879507
895463245
-70896240
952696979
837011088
-994312183
-320728972
842156803
-132101784
32556363
334974595
-39033445
518032848
-123976246
327134228
421379234
-473603756
-206531913
-193367492
752012467
-488295201
527033925
-57392748
745698370
-269152106
-459796797
-494205783
-427423001
298250317
-905758661
-907047761
296137537
-495613776
-162900189
289280229
356443340
342069514
916343150
66055108
480314065
544903834
855915829
253192104
