691366582
351130459
-111818196
-507372795
-614278665
-51103945
-674187982
-306222738
-60462566
617624115
-131534770
722444492
491408334
-797642749
491070483
252802467
862438119
172215660
-783740283
-280639535
-808915680
818708195
917114607
663228140
330871780
87201261
-16208009
-250098759
-976689432
175727630
920980879
-715758406
-823000741
-221132093
187231993
815202612
373992885
475785217
510882922
959680989
-920014596
-687601038
844523925
-829027056
926392460
167211825
900332739
849107339
139729429
-214028915
-997907834
930917178
-253711569
794643693
-846887474
-667149346
-793798032
-509206140
-138881683
-198847931
571772776
612071176
947596835
-788115977
21334825
-675242407
-775260082
116406267
150293066
-663030695
-30626116
-92195262
155878663
655277156
425361569
572541876
-917182354
-112926556
-327291178
-256771020
-574158664
-593284332
45523221
677315150
-648528593
874573112
-377786190
225806972
-169500063
-325281853
-684691639
-841653353
823546908
685196902
606290316
-492126299
512931456
832616519
-518633384
-141728015
823945809
579601715
-454255803
86973196
-930146287
86480841
858610346
-795687961
-980750941
-700331590
286695771
-358007824
-184217179
-673193659
-173273416
-898770711
917042810
207391188
502530491
23274427
36792785
-795468377
-349300465
938674482
724293006
-339132658
-627524182
-728552322
-767266594
-84904296
-975916278
-148378988
-678481771
937905631
945563760
447977818
-814137613
437463685
556032998
707100705
-290025152
298595223
-628781628
896853331
-226702025
-476762960
275359650
536662756
-986949234
338394300
537508087
68317159
677752099
-546201896
-410850477
-564780739
168568516
314343253
875491381
-439303320
876763035
735209180
-864981123
754993716
955397547
-611600957
185949496
790818861
-979119875
27591825
336237610
-849575815
-939604856
-920358592
-535347699
299905104
-928892384
208583085
-946172872
-526364489
-320239239
966590693
276382253
152748554
-125398948
-782821552
648942557
-612323060
-65850681
-599834189
397936033
-337501546
-646865908
514040804
-888187630
232203793
867104968
363958729
299098417
-799075570
-975101219
-2714548
-791824406
991645417
384252580
923904624
63750419
-188970621
36700825
-900998104
-179358360
-707734584
-212738910
-998611061
579007692
731672600
738384627
-456192158
-321810823
-489937779
803976708
224973956
-878115177
-49122313
-483299984
883708045
-959182853
-384746172
-931647310
276995188
-36000006
694802814
-213728275
251256757
-784944928
209940926
59076281
987477722
709494205
157998887
817772185
529434424
-401411149
542835206
190840286
-384198577
-528947589
-208040958
467089219
-91033815
951829825
-916120513
580721138
-398861556
-744267529
-977688231
-884655920
-885641864
-887195105
-836842686
-128647831
568435995
722273128
799883640
739344748
-160267154
-274920516
-255735541
-462049465
-277708435
335212925
640917043
972803979
988790271
-504619582
-469339026
-120663296
-929119092
-709340314
951221333
46675008
-158352168
772774350
402740141
406167753
-50342670
565431190
-630243140
-12538318
-932949117
819321882
-30632288
10973304
447235254
157987600
300598605
601809783
564644804
-631230687
269826420
-497368294
147160614
932790487
894498090
26940711
-138358045
-787664138
-860039221
-245485412
-522271009
-392274420
317609038
-46007673
-193012557
-530564024
141411870
646458398
144218059
419473922
-746587629
885409765
-510126663
343149832
173971539
248180301
392471349
101932823
175964901
370711158
219244213
-736940699
946361044
-445634283
-614475099
609861467
-439239172
485075825
-960663228
330020449
-658681996
-666883960
878795803
84515025
339967127
643632718
-45805286
-49423859
-948780879
-570804971
545376080
-649981524
709298499
-25331960
851887430
-690277425
-33596173
337575377
-104858887
708295826
-772356332
991660123
-33422989
-705175394
925643213
692456113
-737658363
615970012
460683496
-471848443
379807523
476995396
-325804231
-413714739
780318940
-511868205
930834184
-924391692
-967362405
292715230
589378207
-485718028
400942729
301519846
509921756
108359632
-921478325
753274433
661530220
347321133
-241878972
274889955
259957359
-111625565
-436991174
-677983310
-306791139
167468103
713106965
-17399388
-896075503
-254913546
-158454697
-377752202
-679847783
-886051242
399157367
-267660071
335631072
965408525
-849059425
-368262826
617532132
-206496240
165266958
-679055807
332790115
-368055254
840404213
140969660
365507832
191312976
1993532
538623158
-924047902
-407717663
-191524966
-612271698
701744005
-60938260
149335799
303537726
-820963424
274258418
-125634332
-277261996
-459469787
697017712
10261281
953666149
-850549132
170093971
-423282192
-108622218
-778518095
475464399
-187903109
-635105421
-305986193
-112469216
-589608333
-54489425
754478832
999911637
-774925470
807438210
-434823957
-936060352
10107427
-738262393
-809617166
45709074
51584973
25089026
945477673
-128140535
-323740137
384410261
936648540
-302118499
-698785955
-830947931
-330956414
861357867
-587824032
878276456
-545350335
-891842659
-146584928
-992273340
-588829573
-466239271
713820681
865566901
-671500027
836816677
-212215846
195385219
342564409
-17373786
-481233263
-822513718
965109562
615765107
-468118778
46061991
-460288171
-736491946
881524884
-318966916
77899394
-548218849
-936851854
-96157215
-633963509
855034788
320860191
873176103
233443652
666611800
275765130
265303672
546208646
-303588621
721730290
-310586396
6459477
109946214
-923696932
617129582
-886495038
337586956
437799613
405165377
491371747
250327002
958413957
6594416
-577214731
609511910
-243185707
-215735976
747951283
-546960656
380221266
-425415764
373852255
-294810443
-601795145
-23995576
829550478
920494349
350025586
-487113725
-113034907
699190312
266646430
312289714
161062324
-731113016
398832081
-712013527
344836339
708561246
-843639056
299964362
873641858
554474298
-975109282
-830329987
29186699
-650567489
-912128993
283261668
-277856963
551156203
-681614985
-26778680
975603287
911986354
374227169
-15086145
424683337
463585516
809124528
-615578622
913791968
338592350
-210756021
832931304
-202378488
402809205
-609453272
-936498207
-89537532
177160521
208983936
257608078
-53380160
-506205363
116460418
768241352
-480500492
599526227
-650717406
-433984297
783584933
373271134
-730856707
946238869
310532083
272131131
160036460
264291292
-438930090
-25980612
69558751
229611140
540570887
954768228
-758153306
312759764
-48748686
-685847730
-108344749
36735099
427501811
4589657
-753025541
-814834665
-191427281
851847680
-541055959
381121492
-107174383
-871838649
536933477
74907437
-24739744
-196167343
706048860
613694158
-796635142
-48162289
-773662036
-175825510
-197220944
-998260717
597586766
575269053
-965674366
-676541912
-866832925
-823764465
-474731644
-443472348
-656254810
-334241442
-623668703
-501940454
-365498682
-626998379
458706789
21671667
-921020945
-2717048
-108475502
877250061
-824916733
140681136
975142954
-97851770
-259236977
720662352
681519075
-395359794
-479479232
63157637
-845063957
-890837928
-249722736
-475736844
-515322515
836192904
-548546969
-108834503
-647024802
598690767
26905045
-738896657
-670156352
82789325
740925278
-886426826
914819461
725288640
669372426
-996849882
543626592
-473207594
-192112282
624363401
607505678
175294411
-739300186
984482130
-369939910
240788580
-749711182
-178918024
280661062
129283638
-560224094
505576209
797129430
883997550
73484676
794505205
833678719
868408670
238276902
-19202959
-763855776
-588029465
259785612
655630552
-298192135
-954568960
-187997299
232980149
-918172565
-497521843
-714913615
516643838
546423372
-186753731
901082070
985801966
-543571342
335714785
504096530
234852214
142872642
-137600253
310595086
34500388
94625439
885713590
-541992797
-763363843
862568350
-928475257
770109090
415132592
-466493003
-211276044
807922542
-314798960
900387433
-212746845
369938909
955235210
525392597
-671838238
-726699369
274670894
-829165843
538664135
240329259
-130516642
645795551
-780547863
-634356160
810929553
-592635212
-909962269
684923332
867256151
-642934163
-943597312
940543
-639021170
-756303933
-112686356
-690749824
-59243357
531345166
717693983
841610374
479100678
-517096705
986067387
-303253429
-510727965
798899159
769805374
-792050834
-568077012
-808284186
678185293
537069367
443487934
-852661108
303168697
-405428613
642833856
990015988
-490597388
-169340564
121616948
-28492709
-694320998
-963349675
685660474
-285302117
572903663
435110132
504067656
-610818718
300110025
-779338795
-706914346
-68421738
-612345161
-883127851
-977180079
-119250077
-477275842
337414705
263018535
396244450
22305343
959160906
-999796477
-961709209
-428919180
-221127689
-160673261
-694520217
-255758567
-702886009
550134148
-7382268
992412583
-836045998
-470167793
473037111
96182715
401345274
-274093139
494247833
-701386474
163516483
363645542
-9690930
-379134531
925732748
-502547385
-798915186
-379854271
743266674
813471057
-401640423
571395808
356354383
-514392169
-191343573
-872211487
-987590703
-229071510
944809523
-794987025
577031064
-888833332
-888572943
-521253497
-413518803
-424612491
-235749358
-685691489
268864336
682137348
119178931
-251024617
-477757694
-379252515
211837440
34034266
507092074
648152139
700508111
307143402
699414996
-833355457
-889272177
-914628031
514363622
-425187958
808616542
66212229
243488528
-960688814
-396532008
-175513246
752719039
681289575
-100171080
802480444
-707664921
39603419
24935973
-196665816
-123236
-168559171
-985866387
-734661689
-28222667
-854796401
415373015
931445371
-816783468
-763727932
-321229029
994862704
791115261
792573531
998277151
-663824190
-958606757
-253345864
-589025654
351301140
307830552
-849580306
-779706138
730064156
-799848813
623799213
688930004
269534108
107848644
152981960
-175210144
419200019
-93785419
-263767868
692642306
788750888
-103982934
208636700
180647048
819033683
-554457374
-501520436
744241554
-272516316
-13624401
450388726
289134083
-570744136
-966486329
957599976
-462254832
210617719
293424896
534170670
-176672927
658308779
-371784527
-762848680
639530394
-335810028
681718627
512684367
-512161372
34207889
-817202128
-132324222
584429749
-275068759
400394040
-128865228
-598117583
877965621
785352354
235718136
997726524
-984835045
781889327
556132923
433235425
-182437068
-745578372
128600315
-650976945
193746644
889954198
-195137801
-778589873
863082941
432423224
-67392145
-300371508
213061511
86667875
-317902682
-918254106
-905719134
377057112
-209142746
538223894
-264446812
-914844165
-362589442
-940106812
502255743
997637820
77135327
197318731
89383187
384406721
790171899
208818217
-307671330
-909113677
-801264119
252825295
-221332958
508699749
145641579
-887092330
268693845
322934753
-415251149
-61586841
-867346785
67286584
642995719
-807666698
-106783066
726791156
-518887989
-509620529
724459006
-411258315
146062685
-496159090
-92331713
-745087934
373371993
562190100
-59563256
-164854603
-539182628
-648246634
-578881134
352995001
54251019
-49236569
-385128908
667576032
-27886007
-965490698
-917057619
-728616951
685764664
-472506243
847011495
735992640
-606413872
-260430784
167374740
394453944
-201786981
365208320
-927639688
484605051
345102115
879754012
405033777
-481862543
503036337
160063466
-498855230
327042055
805983352
255438956
-659985027
275032672
398185552
-969486756
239463177
-509459494
-475251335
747514983
276730584
271225693
-872365024
-790082188
322497281
-589412375
-352335631
70821092
541567526
-729826895
-994184574
-515702340
-419889203
346634024
-751128261
-62100121
-190832110
211082629
-582339542
-281869635
787182680
-799220043
-349718227
700146155
-323869472
826926617
-343736045
-847193569
816374633
-621125909
5669699
343334364
-567901625
-150694398
506214578
-208462942
-386898194
875810306
827595316
559550749
730639106
-23458938
496880223
-555389856
667655684
-256230935
-527451249
-614660415
-543002583
867406513
-998018044
663647058
-617842617
163303833
-962153947
-741033225
189638376
-247177414
853234407
-708739031
545209429
988544073
647128134
700307645
-482666561
-928403977
454109330
691669234
215652585
342260238
-961895218
779860917
486787071
233852275
-324175991
-950852371
-124869747
-101080181
307720882
658997586
843758064
-103380947
512014888
743607297
-315308260
924388755
21403047
381014897
177165595
-569573415
396942051
-159457520
-417804393
-81985708
476250585
382108208
-986182284
281585293
-163779519
585249679
-690187622
571266521
408646175
534713217
421653456
735501974
-694688391
976153276
-501635389
-693311484
-641278173
-781579328
-862615513
-339638339
-259668298
923640033
109298165
-875681838
233547679
130846962
32470148
-814676653
-234765168
-652173424
586722204
531333280
431306248
717765581
98977640
792018975
538039782
-339841351
702947154
-849007162
-809439717
213617398
829601822
511458202
167792074
519162008
-236905025
230490497
739452847
-492358581
-417578793
-492427723
780283180
-956027244
834564554
-564320939
-836890638
358309168
703148925
945693846
41956424
240914584
-456835151
148810262
695729659
-294764634
689452790
-283367983
-149962270
-402171055
779818573
-550739924
-449116659
-784769900
-770429858
83165103
-714057078
825331310
887679058
-372213808
202093779
-655182334
-24675250
-751185174
-570763305
-798074146
-527569523
-4331187
998503075
274403672
-871117799
193443694
-410042451
903989525
765084067
-153937141
940093594
28197753
393144134
-914069026
-317748009
-614206837
386038224
795297706
684124540
-737450127
540409769
-550222513
720581140
-39158560
-208427281
-654508809
856897816
587518422
181098166
646919984
741855856
-481884245
-417337695
17678899
530824080
-452891873
127338243
147950697
269947772
-485431874
-910643043
699523963
287918408
-7211831
-27959859
-472330153
836887238
195958002
638035374
839224396
-914132400
-783859019
799291140
58512924
905835521
907576520
780896274
989216237
-501928805
-591533688
970023245
760334009
-945426561
-823685990
-676021732
346733698
945513173
-65444591
432094470
-327682052
278980015
595281592
283248464
-985429023
447114971
266128522
988378758
-689608966
726186796
27204848
-837015138
-204749149
22586983
688124391
-389038867
690195965
-303003866
-858551184
-261476460
191380199
951505115
370287296
-175301080
124376926
-452085192
764931291
-818077292
-675114666
-631418726
862709026
319857886
-551795307
126107557
454883473
-848746812
-626930297
-883322015
964452449
538422562
92642128
174466175
615253538
-362495986
-527315857
951666362
917557104
-321141760
618560784
-191448231
-46421163
-555973330
-178648624
-479208645
-267328010
-491163934
-800358266
-837119604
110215797
-231407603
-446349390
-138960920
182795061
570915743
608882783
828411650
-432948989
522889793
-467932786
-604038632
405019613
-707623899
527639930
527542285
641509130
769515687
-890533642
56622116
-56796092
381302432
-200024333
-655886245
-634546159
-929638584
-958068194
414051170
840032560
31501765
683708070
-874937290
440806740
-741427685
-675273377
-855213032
814987283
-798503054
-49352254
-17822390
288581736
36318501
-271413981
-922874010
-727726318
731292535
459287099
-431515702
531065045
595796082
-172229961
903448213
686905944
353100602
90415295
-274872729
110155016
860868376
-234152967
319487866
-864088082
327795011
557689951
-616294151
958455257
-116257435
-169586622
-475973019
94306207
837242289
-545209398
-739289000
-995909632
-879046390
-428131749
39503042
126380949
-273565173
4906107
-529505873
954137628
59180131
-621551123
-22408570
-189234117
-472598075
800413009
864457729
5202164
564874099
704917478
-499344951
651890743
-489637277
-522375312
-787223635
-885277038
87152651
342550581
-215950209
-695484924
153782734
-317475551
575280267
351819759
-846292734
-346339319
583420341
-374830037
959134109
62766092
386887479
949096829
-85578731
404752082
200341898
385952337
327217022
-538206686
163265032
-758654937
-678838577
-278945575
-205324912
-281067886
-176676188
207039276
149798519
170962604
374814325
558344910
-816294769
627454839
-705650706
-703992730
576595239
-663073881
642527926
-754269780
820834883
-294054708
-377759400
-138284747
832248500
103647664
175792127
-768413804
282059582
944041878
935880712
-976843495
-127484365
404795088
133220897
-225280583
-846122323
943448686
-336023266
90062094
362659175
366276880
-478521512
-152375179
-267016904
285122781
854454466
410782037
-7774930
666974348
-317527158
779651455
704818755
-987475609
-598152271
-535985474
976981936
321237893
-49032651
-516174551
84281572
-87905525
687586727
613852395
-209167492
781293637
-140366381
-178603894
229304947
-570904900
-220420771
-82781651
-592546886
-427258533
354123876
-101179279
-925809989
-516976164
-329354400
641782859
-215838295
79257729
-547720075
771176735
-176302100
312692102
-614057840
170321814
-638238792
-698286283
-280536285
566867293
755966484
-785101544
112168497
133071382
233673982
365264330
57601771
407544093
141965595
4495015
-719403967
885493195
-394255280
-959296016
668794491
-183632570
75607717
-801667282
-518899121
-895528878
-660592111
-308733452
112681886
-154696878
-295884570
-305603668
264542399
-513655347
783236165
-134669536
-94364476
-562700505
-908641511
149498791
209043063
-477543949
296652026
-808635501
56667699
758653317
698961530
119346094
914235741
922374373
85860914
539976826
478966656
207236832
72730728
-505952877
985464585
868026680
-482901711
-632780901
-317112069
140512810
681420234
-935743472
-811523599
-555213723
-305932332
815699470
765886255
238082097
-519619160
-368423615
-185973048
524279059
-896465022
702583866
-562451109
-19384923
15842532
25377896
73977901
-39952741
672293534
-12072300
517244460
262363034
-986044422
-312914771
193322692
-370687742
-51489262
688264335
-788752364
-879453949
-453978239
-375325980
-473836681
-341961124
-369514235
93891762
530401454
-149279426
-767002193
-505085938
-481148501
-181977009
-205663036
927965678
911493372
-549085238
696700724
585142044
381162706
491690179
-522464588
-980686265
421779630
172351796
-984954969
288290852
-772115695
-634244774
-264512515
-715662618
95554026
985351022
-998292579
-540046657
726866370
-769076851
-174836202
-835775609
232482614
118129501
-520572059
-8017559
460890387
851820834
952460101
-107530472
-700677930
558786006
-293959557
-691535326
49018844
599614865
766292854
-708055816
997565319
-89149778
-822935534
-78478777
-760541574
-443611077
-33848669
432563130
620572361
129521913
713311271
260569105
-822161999
-191003366
-813424813
340020526
-538970751
829637928
-911996943
-632994121
-685035083
615935676
695655850
-539412619
673524360
957291943
234121189
-44719087
-790970637
-70234426
-685140544
203556569
-619738816
633472989
754608088
-28438329
-74543286
340747396
922058471
-995898852
-106178009
-32106253
724060111
207625020
-155019517
313464688
81962422
783599910
-810558390
-267157618
-39189383
724743344
-232481755
-547282280
273560286
630999979
-889310388
900350515
169392725
-141753390
-781899504
719730200
883196570
844865854
-324512284
-714268615
-727832476
871420630
510095374
563650042
-352064102
-986868952
764004126
213872891
945197796
-398549719
-35083474
-483003020
788417611
304845875
-544058344
-646801766
-919194794
-395162375
-75669582
315110591
674497552
-859000780
-115205494
-417033709
596525395
998757285
290969799
590034318
341404182
92645077
-799202316
-953438008
80289259
739485686
282980446
-113934449
490296849
138956450
940549007
256927184
430821754
311232537
-320026523
-877692242
404223864
-524520027
-176575794
306746037
894434051
102952735
404010273
652401448
-462378839
5073802
-974583524
130717814
-141432558
49484252
-196645258
-519759413
5546543
613503265
893326275
-621592321
608867625
-953997026
-572476358
573887998
-838369201
-119060996
97902911
-277918692
-271698649
-615255374
-722578702
-477843320
270494141
-524158658
880442961
318887190
-181533545
280858325
-570611592
993631385
-898943356
702703471
-756140508
-631491745
649330721
390036504
25676407
-74449346
911003019
-607250700
134149996
-470426834
-243121513
-207820377
-374948098
382195132
614245425
455392098
473889019
684541754
368952343
383459361
199832349
-742096076
-590367459
117349263
387394595
926868497
-913572958
9259905
-399252386
-368870559
394924694
-424216558
114567942
-591523899
540554143
305586658
-694955365
-604544835
180884702
-225644433
-931954286
53940300
392056170
770931595
-568205180
982258126
936362913
249473387
206754779
137818968
-177670176
376593374
271083029
-653518020
-170065698
-67862886
886295736
876721061
579643569
-766406189
92823158
-241430226
-981523677
-720729044
257985261
928494489
-828340594
684978187
-833542168
246781190
-736083455
585327266
-510911516
-831903213
-451183378
980458007
581160260
820537842
-187767235
-309545936
-573586247
567737893
-371907971
-942666342
-40512579
159806425
-87512267
-40703780
-419753639
342535105
-339128771
635483352
842344126
234587409
261094015
-244374702
-137764735
-847207464
605283705
1929191
-739074181
609408529
569870285
899216939
-91295267
-40686166
-606734333
-222946762
-415358645
-333025686
557612865
483112919
55342880
474848630
895909801
-475983128
-645645481
341886703
-643094961
511785660
736065564
375733177
13238997
496905200
659204439
-944030042
399200755
-527092621
-558985742
872009163
16149543
423340665
436835181
243037573
-418737460
674444513
786502632
489223128
724566369
881306766
461237895
346599087
-615368678
-682798390
-991627038
-350211915
-868324369
440559985
667055569
339725342
378423002
569473456
191660556
282473534
480540406
160564450
198275169
564256308
-892680621
-747626087
108883856
917666499
12428632
-939625530
254737216
-326782507
135767760
-98370124
686404519
666789029
-224060088
276822348
-621589559
-113258467
-386691560
-747220575
555939923
245270371
622746423
850419396
748712429
443014415
497694964
939188982
-394852651
676149764
832882137
-824067435
-735044558
124339804
905916864
415069125
-445941114
26495405
647166369
46403055
437782873
769298301
991505449
850756939
-357678914
248284899
531138026
-482080708
-334892076
335726559
833787055
-181424843
492765545
-212413357
755400177
-455647927
215821498
104640162
-902006174
-711353009
56197206
873529316
-685736018
-753418975
158410691
63011105
585017547
-709593229
40775669
-693807893
506982412
-111631264
-280937130
635945440
-424753273
938047763
548911265
-268696107
-778554292
938712659
-193525557
798223077
213834280
622549244
-317675799
963080598
-994933718
310216710
733118730
-869489528
281796692
207067231
990498322
662160840
-941145256
-316241173
288526366
194351403
874068850
-593599646
-334550240
517177802
-775525550
-219301491
-607319446
805628377
-510056882
-534777440
-883904003
-845312657
165287749
-253766328
914568770
293067523
93931760
855586480
-957942137
738489504
724151141
-288356209
31372201
156137673
357148725
296843662
-420404559
-704749710
-155820719
-594445575
-40702645
415243296
425815418
-614154361
320319745
498930578
-845669655
537636831
-228330471
-920860754
-894823625
-283022239
186035924
-493030432
297032796
765052478
-381172405
153099937
256854128
-206940904
572954117
-253789793
-118971506
432081974
337795722
-408969771
842836321
148737995
771241595
-485616760
-213452963
932523241
-518608384
-29166251
-537494009
744533361
961263560
-898911565
-564340216
-591778309
-192083992
694593636
184587827
-869297720
215397658
756351105
637628221
-203441491
-999279050
-147843930
-381351064
19436259
-499528021
806094014
72973190
696220161
-634055429
-426995481
-855367955
-748909194
-593317005
391499392
767641012
-769038017
-183816985
-888556955
635681772
703033767
540296375
408473026
-889955863
704697723
976784783
136416690
-123483360
682158495
-456487926
318415046
759091388
-464864162
-751705837
929925222
897467657
19019849
122933712
-693834852
-273154796
775583869
762383485
203638462
-871650290
-230363052
-111285713
717216539
-599716184
629488028
-617610568
-794969584
-18457838
-218169678
-328134103
-22753589
-491579198
804663379
193289068
-299412745
-82612000
393047891
-588841335
902202717
432088012
344904311
-158637405
-543697599
518783387
-565554367
620567183
253648131
208394243
-986504534
-927719731
-73675240
558400118
885501345
514667835
597307544
790709710
-524137942
382975369
-694091592
74487604
925314144
118467005
-218305210
-478161680
984193434
-421631333
60579152
350576381
-63509992
250642222
-760068869
303017193
437306832
617440020
-928098365
-952266773
-281728987
-143497275
-364918214
-754353520
-687224042
805168024
-507212653
28543921
190196126
-644527508
-355417130
-421873687
-928932212
-678107829
-853040539
-638421443
-713346118
474744136
-415692566
338859129
446069009
-895782207
-837404518
-199151352
363426683
213111330
72888034
622674201
568756040
841347031
372323654
-905475144
487972108
-857952539
748912629
-654917804
-200548220
232368439
-844412231
-158139419
650317195
213779162
-789803720
-783156448
-59297086
913789483
-589189008
-112976164
476729093
770839515
433625989
89403206
243624465
-385426433
532062207
-197626405
319815150
-335580111
705747521
-33985189
-365671175
527727060
-460333149
885407451
527355533
588734069
-39717841
-359481862
411008078
-501691314
943235573
667137579
-841586159
563712228
-838718453
-446072015
945926763
-15446064
-128594262
-726048299
-166699110
298492365
551111874
377924217
634540736
470427198
-834293240
726551195
-280703273
-941883421
278228061
-434458713
555512777
157871719
988678409
880869331
644068668
955486328
-566611481
-238758800
-297293804
-175722466
-722400319
420548307
290252302
-699024718
-613685322
276353498
-668743283
-744325508
-133670440
173689373
-448437390
735242221
-891033902
309169843
141995300
655562869
392141510
-102464354
6658223
-16002814
-991102155
925191892
854311176
-159725033
235595288
-663259926
574397551
762983300
720375819
236227167
276902637
748565959
-632687703
705675395
-230589699
644017919
282207219
-401314557
-627335609
-783088247
896078825
716320529
751536263
-42563014
973374779
946732340
-787922292
-23362505
53538841
-491125335
-848643235
109387891
-253039755
375243126
61087430
552997516
-538998264
798559792
843757223
-783918806
83429775
-768645826
-923284090
762918632
-757879337
-455218605
-460600
524027178
-728929831
283045601
-135699870
267248102
-375612931
-960274681
270459328
-938203536
-994907041
-393752297
-579288059
-469167758
-270089595
-565003510
-273208459
-480653187
472880886
-200330614
-99263253
-716389023
701228708
-995807948
-531447802
100370292
364132715
838234241
-759238474
-880836127
80827041
-192235439
-796451264
-534848049
835372280
389346984
-840243163
506561754
395904510
554418347
345733773
-602155604
-328279093
-869636199
-323904667
-549137695
40445293
369550709
520889783
-642394329
807003263
-881874587
-862802985
-37691502
165088634
856950839
287491483
-238136738
749523272
-747858500
-81220452
-921068686
452310575
-12161840
123694725
-525088329
-242652661
-493627693
-26089738
37304378
-982494827
182850238
-246697572
753688437
-145647217
-538859979
758014940
880618506
-301512917
-166216986
443404551
589253845
-580000595
-475635921
-803923120
-695531172
-310232075
372755812
290189229
228001294
326586808
572693408
880819467
764706871
-923512773
-953960059
-571289533
760948033
365163509
695862841
538916237
173983438
-588804439
653529294
-485052518
914517152
-358477638
590472678
646145789
-884882718
-356394091
-403314035
559604047
-535839959
386237194
327524321
30007343
73976997
350703114
-369860496
-227485745
654572985
-200007273
-886426273
983933948
-616565752
876075705
-722123927
-51676251
119534012
804350849
227049454
897567191
-940872937
-814193597
-730531297
-577973705
-711508699
-692997504
473928117
-989345596
744107428
-603040888
-989294099
-339580347
758726545
-747155654
757580324
616589793
141592139
559897831
640329226
-710613555
100516198
-805915563
327436166
400373023
-212030705
746826975
932807718
-856588094
240747287
-987042631
-380995519
674806146
-899874658
-635696558
524894636
-986407609
677213277
-786959339
-332161697
-732723825
-848166717
-83150593
-375285772
709727101
712354252
281851226
751662749
665019813
555422359
137359038
-939990001
-352553850
511122900
-295826876
-227166965
192410455
789077761
419262420
-19369839
646969437
-166234592
-607610832
-870165609
936096411
-617120511
-364364968
589200022
-738179986
-249956343
682588897
973495384
-17188998
-636572990
-354640262
-928102170
-518400420
961438538
169409189
-145252802
-923915062
-790475380
969065849
337664813
108041597
-391731258
-975014195
758060320
442223391
883293775
225899935
-490130845
-400158666
810593589
-159975871
436829486
311562886
-94009483
499027916
-212134157
-345635898
739929224
-834261476
447855446
-725787095
-667212324
-635732316
-269508496
-506335181
438917854
-853145150
217477589
-759474497
284386766
-367630241
611692264
694300085
-42192781
149163218
518579872
-129954641
286846961
626615693
977320544
-25063282
-646940598
-746176526
-960917126
721723995
-568159952
136447275
866606012
-286257327
363165431
-590223286
597635174
935494899
639497913
958658244
318955471
-12868930
-633800763
168586004
493210250
254864755
330743110
-558595409
-710775860
278635882
160909623
830894437
-151536385
548273806
-85236986
-718384474
-991314831
-463670311
-512292098
-410513321
626683841
-775040458
351357976
460120663
349755610
900313100
-225224093
-415549744
-298802827
472330895
-41821902
856985777
-333267075
-965995875
-966551748
-865456606
-28183806
-536040732
387144867
-749997753
665833620
594982080
792260341
-126334750
688131394
778639219
-798729357
148629399
409646869
703381325
-84707734
-696113632
755602947
-963260463
749868778
735276876
-712293174
152496569
795380664
-460477611
-337917426
-445561598
94369006
-911774741
203038204
855397339
314812716
107421944
394969961
101441209
11228480
425545729
658204807
-109408377
918498417
-142763708
622640635
-469593239
-629024445
280231232
-783651068
-982626372
-837147975
65747816
-26437281
457827865
426758727
-504414924
-118955703
-750489332
878206609
194980729
654843215
-595076499
-38007613
-36823317
849811009
59113833
-548135217
-945545677
-523889595
-613550294
-506567726
668115881
-998053113
867179558
345386132
-324434769
-614823935
-113195474
818721961
117687840
-920929082
261684636
940475658
96290934
-791844766
-945894422
-270834101
208711303
935520461
-130793623
432385988
-4345224
38043249
85631052
202867989
904841838
-340820493
-563912151
366308217
667127667
488425587
-947888058
548301744
-685260779
583464057
535816486
-206479869
691030921
617918764
-415304620
-914148298
-282199809
-719664983
-988668066
-373951485
-815679513
786605773
31066195
840511426
-263558270
539773274
918622917
-217319624
-616471724
437168676
548719546
-134300723
-894008532
-645005492
989624290
258394061
-297891419
-253719394
278205156
-773480360
-939000632
-953896492
326392812
224265917
340024002
35231629
480931076
809507420
-646020244
-550415217
561040072
322748893
-170817261
-46618368
626629296
-258056575
-806841494
-922497868
570022258
531788971
-656167699
490004733
907860085
799357125
-953626457
471697550
-781695925
519452080
-364644482
327457215
421960362
24743648
7464594
699082195
81346007
987966468
-764768341
679400400
746770901
-210974955
-734947245
288425804
925644971
-319670213
-170493799
137255950
-985464146
-394597929
197095315
149223699
-601967674
-826509432
607614914
589146696
361092006
-228335725
6986721
790531862
933494332
813934594
-511692455
887020651
299504134
832386329
-677114673
-414274025
366355800
-526248353
-445225462
-413557781
235985070
-743728352
-453596377
-423079201
-437671724
-581459758
326419350
-751567214
-263419619
-578942577
169503697
597435806
-590585318
181128521
477918126
845982488
291799540
336112667
555046724
583738933
242907243
-151227462
-832553864
739693065
-929597333
-939136502
661782307
-88574101
-983041720
591695565
450794977
110351093
293728663
936871542
-384583303
-608036568
366847400
-632872932
548821220
701848236
-864902237
-372012918
647955452
853453492
-357947586
-465937293
-999680318
434964864
-441586750
-153940148
-287755012
709668277
441720848
283056201
670048279
-120580049
-791580110
182713549
-211946507
-784815389
279250191
208256213
-659331174
-91282768
267453667
580693341
-848517937
653265860
-919339847
-766388934
-665263043
464628010
-593339640
-202675737
50895911
-232973520
977401313
-757629167
239115526
-761456901
820349194
740466353
716931289
400335539
627436060
-755987188
273841970
734048608
458126258
-273413018
-962221048
766270190
672311885
-988157484
407705883
-601271729
759370952
-813775569
-122002432
952523711
-326359516
195091144
-115890909
-22046515
-997158807
464716113
-413072757
-905075998
795830538
543613224
-827313962
858799167
-155148575
-69259751
690839669
-997928561
-351983580
162392406
508193352
-551448364
970229528
-444216000
224211108
461407043
397977572
-524653612
641191542
-335795525
-584021632
-616330827
-325495167
-327271196
-131644468
930537426
-688126781
154410173
-948695629
-378412043
470490289
-11436366
720447078
14250791
-930889243
-263003648
972072879
-134747260
256236285
-345891374
140664488
-998892114
44114112
-551488214
-115915940
889591311
716602085
31218882
889342254
-821610483
408054791
-952382774
-281949715
-683504095
822773942
576656781
306974765
580764054
24776104
-894217534
-737745452
-438070304
329916786
-900577103
412373911
101615430
824076046
-940201703
617624538
220735398
143042196
730534175
-915015109
234363513
-368451513
737792731
-886819430
770497565
205291407
762534151
-462235598
99173863
-633146818
-837754522
-641808337
965734791
881657154
308351981
-446551054
536752265
715657989
545430303
-830934783
-764954120
517963106
-679039114
-801728626
263475229
-568292029
-464279555
-287773534
97697893
-896634405
-277954053
873725158
101236576
-284903043
420835785
-502388210
-549633306
-787333608
503426757
-699929373
-614719665
741985375
465137131
771994868
997721145
-746352048
-576143690
-586813829
-574193998
429614571
-975299128
-909424213
457837148
38499980
361254686
-987917031
377798966
-737411284
-419843233
453608969
-860979242
940009376
-299451019
28758854
-170300492
-879502547
-618550663
787234179
-63517233
564486424
-981244567
-430286298
-208820491
-986691432
-372212786
-791110250
-451741053
868568076
612275580
-759962506
-974087559
171968111
-58631804
50821411
910458874
220784684
-51798717
-21153866
189958874
70452791
38203101
74261019
-237192906
526657184
-371341665
-438000491
925627784
-52114966
75622934
320581278
424553791
-932037247
721714327
477455189
406689997
814053280
-170463241
-417331772
702202826
34152678
-517335249
756921252
-103085678
-693753586
660693157
-222926460
109115024
-350877894
-873634017
413176081
-14844745
677662945
-72131951
-803772381
-425768424
777617685
-609371607
-188788942
650804994
346585646
519251395
-999423211
-875041757
-271833128
-654107385
375038364
-653131593
428575449
198664302
-257758283
729623727
-958868944
-627638689
-694884401
435819593
246788010
794919253
-429701701
30876564
421959343
-66527572
-316548645
-977989237
513087508
-583208099
731630846
-622522257
-659488384
852292779
937756534
-858882576
-764252106
-207584885
502352476
-87229341
44242000
-968161608
934191385
-201598079
-709570385
-292621206
42557309
16253509
-354458117
663313201
603781098
-867759525
-634009760
309567321
874287660
-663168162
721743288
903391121
891067430
344957444
997760269
10522075
-614560541
326424407
-288569428
-548303301
365443614
819185890
341328083
-74721506
-368984998
262361430
-768811417
531832960
640517868
289242882
639716248
-209240351
815355220
-123127089
-840224104
55085687
465341332
331650509
-197693389
543449083
832079923
-221413364
-954217815
-647191539
-102443939
399037210
787219356
662950725
481489959
-600487399
707057444
-197801769
854571249
-696802949
748067328
432932322
-748415003
533117021
-708163352
339665749
196454043
716320125
-432424834
-779681825
659263962
-967128734
198090801
173699722
-898947439
-849511284
-62857621
-659588396
-939931266
-689327092
-840924680
-823267850
483972507
-361766746
-653760507
-990000646
382478035
951592106
228890279
-326955929
-20035737
231810040
-984068288
-38774706
305075507
882985971
-29485090
116060746
-228826422
-768900050
-975452908
612452938
-594097567
79879425
709059122
-40479134
737202640
-438390680
-337573351
-416575444
-940241739
-589711749
297024302
-802095433
-220383126
617764824
465346536
-292772412
-585225843
-673357792
-902658748
109791421
-721892238
-655927266
-544551082
-120470471
-192108162
483597366
772481274
-323730209
795270450
198657016
52428861
-215335825
-231495456
-936334879
26747744
-216664167
-585538101
-880784388
35223416
47532935
-732642318
-672763329
-563795794
83337007
819946147
792011348
-908283364
621016949
249249923
-272364063
-645173884
910304633
835253162
-267912670
-612259551
-605720519
774119251
292299011
-572859584
-647433618
-659168446
743281542
-836923469
-640211581
-652308829
150605712
58370045
-943218161
35684741
743753154
-7278267
812999643
-395042526
-429873774
329705318
-214891376
936873532
-970649337
771512099
-420235518
346038178
76010001
-436293256
-82154221
254919378
4901762
650510859
555561541
94405816
980261569
302867680
-696637799
-843405714
476452796
515748603
695709154
-214698844
-672889172
-553689356
-720004051
-764317524
844310407
-457526462
-942378426
958322067
940605908
-66279998
765248472
236212571
105092881
-537462038
-149888568
-450827949
633488800
118398833
-959606399
-649416625
606779918
117957104
-543356613
242701442
-453781672
-776342531
490450645
-949610241
-746147380
755622435
-19686284
235224918
148125677
12578702
862748673
-302136853
52466310
95321310
-888946630
-706656094
-920842997
886703587
738238690
742030885
-625679842
306249976
-269404135
-738119723
159128057
-214423866
-765443510
568814136
-482549022
144713264
-195943287
-686591824
112768005
-624321364
771296193
692792955
-84994584
-617116815
-631053886
727515668
622243513
-326875257
-314740741
496691920
-521056914
136024030
662565166
449464891
-856208259
-153177477
-725101646
-676652639
-522967499
544248525
-871295388
673559976
-63851336
968000286
926894636
599687706
65877909
223871781
31384103
-832518207
204003590
122100854
-955888021
-2224957
710410142
-552112734
-111717106
910213760
-488087166
950007978
976660996
285804042
-226574588
-116048468
57132407
-331856134
309699818
-167261908
607709144
164176403
552779892
-937734653
-898015608
-443800002
290937293
-167431194
405024922
-991842529
717276061
-334412654
-920021584
-492269741
-485559876
-244596335
-171591423
591062088
14190848
349883564
519662205
441322938
-996746697
-351949586
203522055
-895458618
373905968
663165520
343132385
221175468
938952948
410016262
-53043418
938433042
-295308432
392801887
848318488
-791120529
207742617
335295122
-673014498
254586109
-849152609
119979328
-998622596
-287130745
-166553695
-87288819
135858587
306172563
-454353402
444411881
263088056
758308541
-722093643
-53739546
843160910
129007774
610285289
188817756
159271861
-439063568
-44031486
273861291
249500990
-594444028
252249840
-210305726
-650801479
-631286018
97305859
-415049942
836839068
167929011
466092834
-69456964
510989516
-51417691
-54086285
896613643
796702672
-15117604
180784639
-806028791
-307234067
205316266
-6420773
-390268205
-865489659
614294246
-387830356
123189401
-873789126
-28356797
-604151742
-981912089
550396868
-390731121
364644793
-286558549
-660175994
886360902
451438243
416727569
-414467252
826651457
-307879469
-556212083
-246473564
-907210100
-261180471
669710327
284671574
966436181
-864809291
707643343
993243264
334020351
331202858
-13752414
-391784365
251917398
-802334368
774883718
773033316
11400925
442069797
-173382977
-360156496
183079748
310082146
-393905020
640984367
543876342
958581830
551636699
-353306093
776335566
94404881
-713087071
-535386467
8845545
-137770881
641859494
-627881060
-41747562
241394383
-672661515
225967748
-991694998
-102277010
958912817
-28210649
-86282639
-721489339
-806818022
352436498
-878922596
444299823
-868918393
545350820
465600169
-827989650
59734802
346530237
506749113
422489655
-824472118
849550074
6200398
-342912369
333641443
-521377793
-197712775
247962597
-606827200
-151249828
760980235
-683976593
543400669
-696925278
70307286
-449176582
632350158
-216826950
576622810
516814170
-683339557
659013661
740343283
-480133502
562520140
-808357821
-630288095
195155761
-332405433
-453443899
99492353
1110522
550511569
9657218
-727276377
-589220185
-716044354
175259270
606608125
991516906
-92670422
463827602
-421891925
337935643
-390862669
-207160907
8711025
-613628983
-876035250
778871782
223244306
-350560921
611040327
528478325
-796070944
40891907
-248772139
-120236892
-764572447
999512881
40210265
-231730533
427615283
-322887226
-406183551
132059968
-975262143
331484603
401351418
978236291
394258933
968050774
523230218
412777918
245127698
-984513377
-24633940
-590743293
873059763
978766202
654620791
315441007
974373560
880402807
-510353461
-986412803
77453591
-279888935
399594661
577942332
-445278248
770775520
-25492130
-779573468
786777968
99142358
634168778
275334698
840166410
-452916608
-629049791
-533651535
2218824
-218058030
-508625713
16245191
390835341
-2112617
-722202554
-189293393
-606712667
-885454594
903652235
-480067472
704198681
-53773127
-452752865
761576090
-122891561
-880274345
-323561260
-126219156
728201295
-941598395
623689433
462555728
-912321290
80905316
181173727
-1496363
249669199
-364011754
412573608
301466044
-677090957
-67736963
848048768
-404395881
768517811
444693121
100596184
-755134811
834010915
-724407903
274003220
794542921
-727286801
-854859862
938971233
658168926
-811311765
-217956707
-263240298
-610203871
127341443
-253830269
-148630538
804175988
-809368538
-936302953
-268960867
-419816941
-460319609
-669751319
517253631
-879815630
-124536464
333418933
666219221
58987815
670475728
173209892
-601108605
233816126
-637509151
91495457
-958420436
-787679007
-831861811
-403906600
720439409
-575836596
685330410
542410563
887810998
445428345
-95377889
2553705
-566313974
966449997
620662987
-125542088
539715561
625425740
-491659787
234831362
921323695
-899894089
474279759
-93599255
852425003
897094940
-52230218
-709542556
-108975706
-933966272
-761613039
364290729
101344018
-666734752
26307290
-749993883
981248466
-979479552
460127561
578505660
-700002380
760097171
7988577
-34150640
-312932584
201987747
927417900
289916567
-869286307
329389410
-509295633
999372473
395629465
125981037
-668064272
405866413
502694194
702090746
-890236328
369662128
118440332
549225630
-420911565
41491682
740490204
-334256455
-509424749
220795837
-104272869
503925631
449728469
986615602
922671127
-394267485
301652987
924418402
-617004125
-889916510
268669240
169012213
-9603601
941906345
253832075
-277255397
533545458
-299123677
-645682045
342963741
439985155
629176291
524070944
820334495
259024520
594459883
86437338
131678068
-741728315
111234263
628983739
138825758
723581654
673048999
-594220575
-280109640
115700914
-568780100
955401602
-122642815
-926939559
241533652
172773537
-40822352
122590603
-430946777
608255408
-487449697
-450753537
266172686
695064975
-53727467
-623054172
-189231646
-690134842
62227192
-641040637
579808862
-337823457
-149805142
337729269
403935302
-614188493
732747940
-889446949
-125994213
928517106
-980538936
469795525
245978741
-633593795
443842915
524838189
-249327452
212385212
601816167
935007308
310719459
-550810380
-449062282
844718359
677602794
-512436879
-35683135
821205113
749080224
370860944
-520313038
12384238
476365031
-644443420
-726376116
286120111
387156305
-813896529
-406812875
-454370109
53626521
-171019453
-480132482
-343385021
-43787070
-427887286
442725423
31560654
-914935568
619665648
-299577660
57102338
990142878
835671497
751869447
-705814145
-966471711
-20480755
-728452283
-72005424
-263824023
-281689722
-124363210
994217024
837236526
-53332543
-948145579
-281747914
813833219
456638773
137157338
438453073
-629749758
7230127
872980827
-121419540
66495033
-452153804
-315115556
-9648404
-768006335
320406524
533389675
-831956296
812793584
-987004416
-594801562
662982357
920669354
108725408
707116911
825618156
-638337030
-809703573
77062518
-28036465
-865309315
-643482153
-367948414
177826905
-33851146
-457463575
222218261
688427172
855150206
956276093
751627744
-365151016
278824243
720818326
-868457758
846906358
496660160
-433798616
-370586582
453130612
557582374
-780399759
462748409
785236799
25827866
815845728
894093451
-206812054
487274280
-442596335
493658699
384482042
-882961995
-571649096
595727987
-808531300
-501660941
504901560
-995201345
856896937
-158810975
299973016
-592142805
637798618
-524394366
-563829855
-810306764
-52789456
-751388625
-288268973
-104020283
373267386
-640095213
180095809
-87927293
-924391281
185819785
-613612704
912515868
-393252033
-79396371
615939695
230376769
-455273900
808288915
669295442
-287708117
927516704
669391445
-786873107
984469490
-983186255
399100358
-222687076
-150253676
214609816
-683293626
406080443
-195314511
284252418
60807033
-660955304
99082331
-518211879
20228777
308110683
-664602460
152036520
-429853457
-660510381
-304003279
755017203
826973718
917031048
985243615
68128671
-574625127
-837469621
402362981
917750978
177645117
169001715
870464196
-335797457
-408414501
-695182222
-161061160
673345184
-369485508
-502509933
579716223
151644701
-254045998
937025595
833372753
196296017
162475991
107414648
425748671
754345222
303059089
885774672
62743875
51014431
-700773653
521873631
336989291
-103539007
-741738962
-865207252
613740237
-483837974
-844635917
-24015718
726700680
-480849093
660262595
-960128392
-71992462
22325206
-174918323
-946316621
-456111133
201488738
597300035
-900837973
652437547
74128081
295970391
958587239
-256352431
-184535708
459870611
643918097
-119206635
-201817083
809556732
627281554
125040967
-144141624
632255066
-750560869
-504643799
-223233382
-851582057
341001674
232398331
-709979664
-63512403
-771535564
822257582
-643876210
-60859220
-157895618
199518384
309363187
471241947
-95127268
737737446
-776708511
62015991
471138532
-377186888
323023500
523635607
207567950
427150661
-581705249
726701999
-521069046
-3353929
569007973
-252153805
305323198
-445831246
962265434
-600774445
575806107
842651366
499450703
714280677
775531675
957047748
205078772
961146209
887905113
-141573298
-298069115
-295186683
-40593524
-745025530
-922625068
116539545
-310330335
-690304248
-297950481
-874728115
-857532427
486792045
-393883842
-29056125
-487101094
189361687
-912485327
492440955
588633788
343524820
-388644790
517262018
432022486
-308872516
-261990008
455608035
-45790682
-550944376
878938761
-97205171
-683688714
757633224
-618531934
-841720953
-337453113
324499135
754797786
-735327910
335109797
475000868
247725580
248630922
-830121811
344670042
-770258260
-935058489
933210567
570864820
-635330690
-250100757
999086340
-662991491
202727944
406027578
329189975
282118335
637863574
244325435
847255907
-296141134
-988363689
-900060627
791236463
249267392
-721868379
-187246296
259212919
7325745
310768226
-189966382
100641628
77097336
217621117
751789754
-328748741
-96663916
-87053996
221587418
49946421
-608576332
-698792129
-483026252
-742521029
-752337638
598958683
-132506355
612027359
322225962
585814756
936931765
-108883904
-944506847
-457889321
-707147495
12714909
-918217862
122398729
-600439632
-134886627
-226499506
767835695
607865931
-524696459
9223341
-134437639
607233076
363144794
-463299758
327496945
653978523
-183000480
579838411
452658315
337653477
-350570463
717855368
-480753652
-870084796
805260609
171688276
-441955970
-906215237
-845294677
-888252050
680897980
793779917
136532467
-7124152
-879314771
95003078
-391950373
549233627
683958925
667655845
736413937
112553893
757346407
380689316
769681238
-45937856
-830873185
610018150
742942873
731685792
-524999509
-738320196
72789697
-230146071
-991910686
-171905772
539205482
887639787
993715053
-916595841
504402694
257577531
-688493222
-333403554
997897797
723919055
-440146520
387407759
-582165515
380851035
373613529
-47646034
708136464
-603534488
-368416902
-397685623
-147123855
-982868275
270503754
-552865525
-701958930
3811456
82449699
-893207839
-271161495
548915930
-485847324
-933696608
-920111023
698521036
-961735276
761199865
-298139551
-378438367
-212093704
-978230713
-128978313
282762544
-212920421
-913461091
-214080945
535715267
-779261632
-491981910
-210516774
-238694401
22947449
-854838053
-660995576
-142825523
-824532938
-926756182
513304836
-111714396
-817016247
495883604
437041734
592221295
-610554532
438946784
-724263027
-177362658
-931951350
-193843028
-735383368
803468325
416518390
-479735264
412715090
-988216412
-478273902
-535826636
-625986008
-841350870
161167079
-316282184
-232748503
-524644565
440791362
-636851114
780330177
-664121158
-450166298
358461336
826382101
-132395426
873519025
-996952567
410685532
960882470
605376589
332293773
306920715
643889026
417818186
495910825
-139934351
390283097
388583556
375604642
-66740276
746752592
-877251449
220327655
62813280
469484117
583169661
-763624051
-525812448
744006385
143487455
-793741541
921598648
622040859
626051912
495752946
629496502
-711340698
219290967
845765507
-223282770
-917609719
64605471
96989280
-991535010
173181430
545201227
41780078
184216885
938428747
967127281
-362867503
-78052739
198371292
90723165
990821461
224464082
-298873383
423145832
-352326729
-666190328
886543414
-485066566
781924756
-969903919
-106802135
-674464569
-477527230
224550619
-505953282
742908888
-309564685
415857361
204543365
982229719
279522431
240657385
-421652747
750890344
918768468
702443146
109161449
769856603
530838778
-705751800
517118971
-457129407
-675057014
-898862852
707668227
877994250
5310989
-98713907
-391917584
237583233
356306653
-183773070
-382829807
560195857
971065663
-736598212
10622012
383774336
217126246
908330619
884689593
380660911
-396866432
-541543901
-630853009
12323643
757577581
-198043804
-749538250
-763137469
-447548837
94837051
-199693318
735469127
-989925376
-222966746
474496904
-904736725
-412928398
-737264912
351115256
-662701221
986435494
868968106
-427669577
-269514877
-210188496
140722067
573419938
-255060467
-787738089
489195776
-503295835
-67899800
257642322
392879016
-593290959
796371676
-389558908
-768055822
826108553
857283672
-710803914
740812344
-60492088
814256984
399115208
-131042117
-937658949
-780618462
-40897020
-185772711
-810344525
29799977
-604357719
847320799
-104554026
-512906237
-301186004
-869372020
204541521
-576292338
-810676928
-645912074
355542843
-735978320
569562741
-81842936
-736468985
-119442729
-565433094
922143129
679756820
-303851989
27439491
-69072983
-739478433
-939766829
725752389
-338801350
156733016
726677473
94114590
661346505
-155161134
-334815909
-532824622
-439998105
42753043
465179879
-64221575
-221127157
-775273454
723816404
-787695352
-30870622
-391151811
896537669
853919942
823573034
-37560284
-131076450
85165044
245365516
644701942
365532926
742915209
650185481
-25498236
-140778294
-314795543
793238607
113298634
719793481
414801473
175716971
-294286545
-286974218
751861265
-609408380
393578428
-322951680
-535233642
143567135
937080943
-933249889
7243181
-557068354
-719045569
-69194104
127933279
949449379
-302329170
-240787077
191962637
-836265805
-854134012
950082617
913330037
-518070995
606743316
594099950
647003449
907976241
137538655
-169970859
186753611
-582330109
-835088970
-564387189
-250278231
685848819
-851249649
-222891129
957594816
7781687
918202548
167077251
53498184
-524147611
-603245445
-441142003
-513832741
910128175
-521823646
-193270559
-605260762
37829141
-150452904
575005424
797048265
690058405
742769538
-873417775
795257685
-376593674
565832823
-66228529
-960165186
284234761
-984548695
-101379947
-89187415
557077233
72944493
692794508
-419626386
98437895
-107260871
-565359691
-675220218
-116501921
846282298
-604346990
773698880
-641993481
-581022544
794821653
54549593
141378267
620792556
-653430080
-301785396
-52236673
354442353
-952034641
805039027
964790991
-14891349
-129823938
-90180863
-410700589
209290468
-222168145
248155959
-764188566
-440374456
9320792
258227330
-34543271
-33887314
720859689
478269822
-840746529
460845353
635388443
337944823
-192765250
465276850
3174045
-809493974
509435695
535780085
-827809603
761669902
-176725002
320033771
474052845
-123655585
562606413
-953641079
-791401031
283073719
-970531478
232170431
-920379575
-565019923
27175113
233384541
614981891
-326606328
864634273
673704098
5110605
287169759
-674143112
-195023517
-590559376
-341553330
-120899630
755521493
-446634088
40147734
214155525
836778231
-548143881
699742290
740218920
727539210
702578986
678772734
874498194
-940941818
527919273
148258292
-403554615
866657888
-356685929
492757197
-590110132
-435609853
570976017
364435993
-19664886
159651607
398358326
205566256
571277946
-925267680
822493515
553836734
-748607763
-95584572
396546610
797007061
-938844476
-591693467
943370655
-46731309
-122746831
479150416
290067261
960177625
783602297
-653804403
370548538
-520383923
-446040041
-755158724
-174008962
471909968
-252970422
501960906
2224717
148097658
485726002
-440582949
456264267
-109405788
143259709
-601480837
-542298827
226198687
-657417481
-507248766
-307290733
959055969
862023768
23165715
586746395
-788175194
-145829826
687030946
-816563738
-214341624
183119813
-706018625
-909098533
-231704663
980542972
-120321026
-457245375
-50186363
-583086646
827812286
173539361
85967059
-861163060
-37270154
899504399
-128557672
-821171252
357171009
-50451037
154222878
915384666
-108257863
362274865
-467097557
301791481
-396920930
133582208
520923143
836951495
-795972178
-796616448
958465343
123803118
887800625
-297372803
-59287073
625135451
340046227
-812313298
-616612414
845689618
192095126
422941450
592919302
958316073
385199399
-88590249
-973279956
-176586647
-14832179
180618602
-326591442
-799496544
-967106178
922696032
-133631587
702348944
749209405
-799567589
-15571690
457150330
915951580
874855387
896921922
-967133469
549076853
944757597
665627711
-367327351
957457970
-926017697
330009505
-763596833
-51548090
-883576170
-749966209
761963532
375907050
233692901
-403983491
124433331
460091161
-714925947
-608029930
-67071119
-497677852
655073370
269151372
718044290
-390827917
-564939415
584279171
684845892
-704746576
706211666
-380176622
-832967665
-513975023
-616552356
-841518339
-217230794
-792455606
763076911
-976259476
516829957
973576236
-897165927
-105056528
-583659245
-761289996
-700203254
-150819737
56525594
76018394
-769330137
-689588101
-239662686
-69650989
-192250174
548788758
-799027650
-32827639
-892748306
192378124
-317302902
330846467
-637206207
-498235232
481491076
5453947
271372441
-380388660
-968725842
754947192
84011473
583994719
8564148
-98467166
383113196
-20296210
978721989
116496276
-885118431
371219477
-36139571
624714877
88258480
995780984
634161529
679707356
533012135
942741462
-25745957
303720375
553963409
56582091
436061798
-177541003
-413998516
671144511
590912022
473932633
253044216
72021615
-162293332
-929612389
394067467
513754774
-483268585
400869668
198033026
-915559113
363042542
341382118
-203990734
582997258
691794202
-142212393
981814845
808713601
571903377
737794696
-634457697
440649205
-79983555
418920294
-355125272
-762035854
-759726341
-304607349
-271885308
592919835
822190270
761903170
864735286
773473084
-49079084
-222459626
-288879581
-715225877
-682404203
-496702965
-828541863
-378482873
-389767514
-191858246
-586024697
352247940
585018044
944688335
-708756906
551129464
857716792
-571996563
-446126509
896225899
870744241
650301977
627909581
-498118451
-189574119
-52647896
-74366007
142624776
950896838
803490044
881295005
-479151471
-516250026
677481032
213739850
-724695865
868842548
289323111
407438533
359059162
637591097
645952345
-97357708
-755600554
-21870226
-613146278
321458612
-345242544
275960560
-389762783
5399191
549730603
-79633683
-941161038
173128107
779628295
457399754
13305312
-569672459
662144456
865533287
-430708381
18567677
675480510
-9913222
359267729
177995011
883263990
627594776
785957199
-161758436
940309330
471313193
82523302
-162031861
-531726084
222664665
-204272397
-761043063
164744661
249095799
330753574
183516946
486199785
-687411294
445897599
-225375883
-227713475
839117311
405931887
853892250
528511069
181408967
-467097947
566109905
617776069
984160251
-676791974
-10479785
319610171
685503924
206155574
-573780744
-396657000
-691214366
-154858290
286327636
93084520
640774699
-879205593
-291459875
-344531529
461411279
58372229
-203179948
891283894
945046504
417219774
981940244
-515019990
363225586
400457216
146281339
-704158849
-248436169
-533602572
292098662
-112952234
-900125833
214355703
-288795173
-131337779
-975557877
-945895539
-659808305
77025737
477724274
-159341080
-567666389
225794190
-270784997
-772749668
103535785
963351685
373693930
-258457610
-590831799
74191928
-6008134
127710277
82259016
-583512994
387153063
-72883086
964612776
938555452
493430965
321871503
-271367303
453938947
56380446
967762879
-828757385
973976774
-453346615
-325909819
-135334192
-948666090
356307676
425405954
657167676
24039272
374754558
-537015581
343251986
-406170557
230836922
931425662
105866483
205236060
-541054325
998420364
865278150
204201408
-10111375
511192871
573079039
975909192
471674147
-229062028
293551659
-251203689
-272016999
-713988405
129955217
372530873
-35199801
-572257197
342052807
713823059
-579747448
530309433
-229893279
-587058026
-491411771
183821266
-49603914
391297209
-197076966
-871010774
98250481
942806430
-688418209
-623776360
941437692
-305477043
-818865768
-132208634
321846201
696023646
243484706
663976469
-488274986
824087281
-425162968
-576386146
-296466797
205798207
865049646
-106396956
-720354142
-327125797
-154567221
281477208
72037671
-505821813
945455475
-271528697
-282491681
-906468163
314004594
-659241564
-570563236
-602962264
646664693
-203477970
415190638
78774016
233629763
378251837
-835030114
-716434091
385736457
667479535
-380776492
-159382263
-692031278
-349639831
-804288232
-926924052
-616085099
-931173108
-131166603
-623230346
-277504920
339819574
-61574662
609621152
-614096301
380685490
87743071
509539391
-710282051
759544755
193832126
657150478
-601039946
53997803
481265860
341895521
-79733961
-199431187
-548724777
281904694
-677969175
-21109293
226486798
901602105
-356027793
90897280
72288513
735238182
-355076515
-946254082
-873928324
-672394638
-930944672
628037991
-10007418
-357029813
570981490
351421382
739757162
942727640
765307892
603463468
-796563356
249423000
462761059
259476447
-567877403
-701203737
977021114
794534322
-857059709
-699068001
230706277
-823719056
-357368448
857189851
824324829
841443186
954546166
585809111
36763364
674799440
-940816228
194756595
-77776033
420169908
-421421001
-505973034
-696408117
-413449910
146843551
472336815
-519802275
-142514068
-779364969
-986827687
548197950
-894395117
722194813
824189606
422772405
519641935
-42862356
459351477
716616673
-158922936
694572272
-205748962
530856365
891184224
451594
-879647262
666459184
6022206
283444601
765233696
-697715907
-799777521
-460100784
562276125
3106831
-40751991
-974873597
691622414
-407115280
292222709
-164243233
504598046
-689007033
516750363
698622846
-949635189
-259232610
878305840
-726692667
-926966402
-107403856
-716788275
-441706204
-584566215
636391484
302608803
116914025
673247752
877372416
-628751925
441708444
260667738
-675772816
-971214842
864655132
-617914416
-713364133
-971781601
-180196264
-625870216
774226493
-500229011
-929909722
-375292141
468938786
-421995915
-154234173
905659026
602334770
-609161300
-168986008
501886112
245758173
713808473
-106452603
573674073
843082659
238375577
809177757
-146159080
-910062208
-877715588
218146749
-919016851
-148966925
-766467174
-76855762
-294293334
890736624
390335046
-315205724
-282184244
-261089181
239811471
-966136602
269847654
318050548
679380804
849326179
-140192457
-717250235
229441498
286361562
477684343
-419208234
111846212
-336732490
-434434721
587601520
-50217554
-545906573
-900434290
-58117937
981329367
-773207141
-492616155
55010339
724096931
586370831
-201613056
763843685
-178732016
-679079227
-723741206
226764436
759742437
-491821851
581956390
-635384392
753331311
-951048529
640353756
28789577
-692367253
-221351745
707369959
-499606602
-488922812
9640509
-963478143
-249407999
-115716106
120539271
62318388
705583161
-553439237
-793987234
-80544755
576863052
-711809833
-412052418
-453118543
-931396115
-333389918
-42714264
-542987079
-223879058
408638993
-746888964
-997342556
973033494
-294781963
507130265
756625551
282369963
-484384287
-333492726
67465953
-422352100
-860075792
-94489848
-765270435
226525762
-513054599
-570292496
-969447836
-845011133
-43574145
-750522672
281403420
-244134738
670330033
-288767585
-384036812
-270493356
690168325
-201608144
731852070
-947839489
369297213
292941244
-124109411
-817986637
-590787977
124465270
310715481
790904008
-558487723
212762958
886266190
940598366
-220583447
-907143945
775541483
669080446
-929075508
-901004397
-700776072
876731855
-274674434
278126232
64972786
-629661497
-208840780
412300014
-663066246
-208504308
-808405920
714363868
696081547
787353602
485014375
507477262
-522168260
712105659
-544211914
-496404082
133583096
-253302472
424915897
-641853518
228575463
-816937287
-514507673
7235159
-385597870
257830333
-134938081
421755210
-176347828
-178816336
298531487
64261368
572506336
-590748556
-336153168
-162909967
-620163817
-460623947
-862014870
-916745700
68059766
-548270595
-144538385
128757666
838056391
382734072
902248531
151554051
-236942913
512823367
-592744297
-871923047
-122107624
-688146938
-996166379
-416102562
254105154
-897718136
450195075
-833293495
745037784
-303897750
947741020
945193944
-600121926
-982399854
610785798
367262014
-392035859
-645013292
-761286550
-216447098
407305214
-252020473
391771993
258270804
-326007346
661838682
-108432821
500011396
256453478
151805397
-751851412
254907343
223662424
114729485
837473997
-664284650
-148308157
-929424765
-874802245
878313806
840503412
259214235
714609965
-872673015
698322090
-435147690
603681949
-579597582
821189096
180458739
-49733455
337546465
-295570913
-118292800
-371906730
-167849159
564933237
249527985
-382756703
662842911
391283248
137817308
-911719558
157656709
640422627
-114934188
-672146440
645426742
188025591
606205129
-81377673
908993226
607545776
79902430
201448811
879284392
650876812
189394744
-280812117
-616243427
-216062741
-243386035
789368788
948889212
-120487289
-685602476
-696637858
-253393313
-206010478
-571268772
-383118791
-992797172
701693803
-819559047
835152116
-89407207
-5599095
404169045
-379178573
773746548
-534254850
-21621222
464886050
811579102
-976164814
-258510315
-948856634
724499489
-706970970
151964344
-610379544
760712380
77451941
-752813118
-662545183
271764018
366284372
-673066310
988292847
357103698
935774991
-697106011
-248074904
555618180
429402865
-973257887
405188876
797780405
-305237901
19999650
-109210659
-43945428
-335889274
-770308955
-786223575
-666744650
-446006314
858547402
-106186575
-217554469
-568578316
584756058
791149281
-881812517
522815523
-643365658
-921721741
-639648721
449226052
123912860
75469149
-623668734
-706862226
106775314
763351778
-54558040
653554994
446307376
715579032
-995185399
942651836
383601672
192822508
840768128
-386839721
624418051
820377114
309387426
-312203286
239922037
-374393504
494811347
65430948
-817776802
-804632723
-370698080
-508223485
317737182
482114893
-834618923
709777486
54015553
-22197973
-901865117
-35240306
953173679
261203775
629385834
-954333062
-125131863
872168192
652201395
618927995
327023896
344566585
-544630471
-931753851
674610140
258782327
-275640210
-522641789
322111518
270947827
104073430
-922776387
-852951872
411595851
-380940221
238640792
-595069847
-913720205
515141325
752012932
-327190481
-592821209
630337574
531100132
681625141
-965449493
-906416117
-176819816
343400558
-591240035
-32867370
-527989376
-738569804
-909804752
408313470
-449276477
93583639
-638946843
-570145672
-309098904
-36215908
-112587568
52845000
388146359
-730281701
-604795915
-55064911
-465171600
455481135
-671466579
-325797040
-693220269
-672929399
86249212
-586166139
-960434244
719023600
-958509826
319573372
981077094
496520665
259154816
-616367145
621828432
474830750
-3927892
868734074
609565628
170410334
-50121252
262173524
61374322
-120666737
556252546
-835770776
317900935
359358073
-269598772
576204882
-237338275
-704166476
-271157735
401847291
-445388261
-877751787
350879557
-453897098
857048908
921201482
-478243383
744284282
-859055617
-261395353
-682883123
380784229
-617866897
-674975508
-403833557
-594988320
-297578587
383095881
397387607
792940769
-440542793
223132754
130579997
703649075
243385765
-233946542
154443658
-486639502
-704890252
554239192
751650568
54459604
107595296
-890107659
281711998
-771191403
333905109
373128199
-197274597
151987293
443219017
-111891597
-153301711
-526679483
781894050
657229558
933075053
-212060458
31185034
356020611
360328198
541351897
733630007
142508897
-66083259
561851760
-852885148
-281501406
-790602977
-206777870
868072471
-898068390
664415958
715845235
874897471
-400229498
-746914325
-870489250
245596633
6323679
-722859771
-256665095
422517485
746032262
13421644
967700755
-947512232
859635394
811495739
-741358057
667872563
-915418750
38185951
-501775274
-564392217
613010926
358435518
-670557928
-58736313
-927348155
279739829
-248863234
989588917
930194792
434535818
979965848
-298861382
-110245587
235557651
133133203
-445211104
160545936
-50442992
442359325
-257517528
-653821153
326859663
-339416507
-689125410
-397134582
-400467874
704018232
128058655
83996318
344492074
179305355
-685623844
-783586460
-804022388
310110776
-892110154
466423519
-327032142
920007014
-541580149
-41311091
-803145905
-182433453
-904915282
-916812128
-90955160
120852301
-360983866
-512135737
678088892
-222163238
-164747196
147289125
-702788658
-342885641
-246472318
-1460893
27131280
234240381
-603821963
385426913
-273546066
-624459104
-718471921
-998368505
-773946508
-172378316
752500410
-396709028
816261957
-648434090
-952039445
-203828147
-30064465
504228425
-741784072
-552220957
89396250
13143830
764258329
63093766
223218319
-912619241
-342384213
-428059973
498910265
327095717
-651336964
619902070
-612046538
422354145
705083878
-704113430
-272579835
548937138
-18420743
-146547456
-558695211
661802920
-404818456
-495972865
-821609931
-176826492
926241234
-297445193
-104718265
725303842
540611843
-549088793
-405877424
987359442
887478955
-975434013
573756790
269324313
331396694
949696727
-488282555
-485043019
-242255772
895526727
519538881
-342373373
-665726879
97937660
484075791
104075248
-845086093
877638025
561460787
-577023847
284705260
747541881
-299500556
750593410
121037568
653336344
969210076
-891914128
-145836656
-102849062
445125212
645170148
-6030556
-508366229
-860870388
982836
-512534189
374615823
790278727
-182792403
-17656251
-303955307
-149992724
400458272
642437638
-702861702
-663818793
691534552
-681452299
791794443
-502555334
-215857093
57415913
271462141
-464589419
-439048305
309899271
-612094823
-212567870
-886119002
797244622
-864708970
7990983
-874236618
-884099745
-430365281
-246147824
-765540186
-18034440
-259177665
646867457
225778260
-499922064
-882535366
643033414
922693506
-821076260
-675246454
708215625
-305340451
316798292
-678021899
-159819331
88394668
18101456
596161095
-107941032
562317970
-345037013
118566449
393066653
-539804417
-481714102
-303114818
-539481129
-985445831
-945573522
-18125279
-16730877
614248484
-659913999
-374226014
970166503
218752438
776635521
-533731113
-214777307
-742965541
488735708
216476425
716624440
-97187855
354637277
-179223807
628950219
-865556470
487434899
-329596499
-772954419
958865701
317489562
482390644
-416223184
-325346664
-247714200
349495763
-828708171
681328049
978548382
791286456
-619534670
-350943018
-255437364
-140783019
156382679
360133796
694564122
-226764382
-805211300
51697144
-755255353
-158938104
-181402755
-556097537
786874782
379253104
543470598
-243833615
31595007
-645418915
523537136
751865534
-718367410
-824153929
496114618
-197872760
447069762
327520171
-28499754
-428925483
-61728671
-128074389
-507960810
257560138
206395209
321756082
821807676
451941807
-133509242
66590482
938668985
177065864
-722319839
536734760
462389136
-888771502
885450575
-347038367
-395085734
54814043
-626936246
-645743774
751313762
791368766
86632510
-542588432
-159021061
-441795495
-447304610
-745041489
617448197
-931979195
-280407305
169714420
909616690
-628918782
429697255
563754967
389522636
-749024391
-166925140
580593266
-550956212
596948578
990215843
227659302
-379137173
584640278
-707205812
212648055
-777792272
477752824
-646965393
-462627452
-411709014
-981815934
-263649703
-569016799
568497786
-671833365
-721139132
-885594733
653757320
-586035342
362672852
604755175
788286870
-756044726
-471097922
-287917585
-640923023
460141346
-365292157
-92761126
-59739517
-356735664
-553199014
566445935
877736326
-114140263
896139347
768903327
-831806279
957596003
-857013799
-79398936
-659170088
-776649200
-20300503
358118279
329457627
-504351019
973940397
465967721
-137949679
-632569161
-299087239
-533753538
-171796636
-469266486
-687994439
543332353
-139320541
-678234924
825392458
658452006
-577293861
-716180864
-21385370
-802418848
-733545634
284837436
697204343
-723913972
653693103
930323212
402331709
818805585
-120378918
-11193623
-266123164
-123791987
721673418
945355576
-496585968
-486841097
-330339362
667148688
-26499457
-430694935
-692253585
714031220
-937926875
904687640
323782216
508339118
-609080114
370958557
-933363387
414753292
637200223
440631025
-920278121
852022845
-911462007
741263222
840227242
743443861
580815935
912309631
24406214
32793070
-690359752
-793423158
-655506442
-346423886
-49846245
965260356
539013936
-67368372
526354382
150689176
154678363
-702006585
-141366964
489405314
491649156
525146694
989406480
158951428
303614580
270538464
453299091
383993990
54243780
903114579
958001071
510228918
307792851
-945052133
-737647214
-323382648
-555622933
-969807077
-607751615
925616418
761459105
362984504
-85332978
-667773026
-606603786
643231265
-923790214
-744092754
-42492089
770492618
713996740
-786716306
834958222
-732965896
737726829
811721070
136112226
-64323707
-576362711
642028989
53804179
-576742881
-728841496
-772657367
-389248371
207880742
-841674937
657910730
242678000
617932649
809162379
777663653
814707016
751030271
993251412
-186991968
-821609849
-434631383
491277792
309530147
-982592221
-591486425
-912629539
423875200
-925426885
-574914889
-650289825
-840073730
579403985
117024555
-824817428
390189185
-1452490
225936422
311617717
793627351
-333574525
29766643
174997728
-25194335
-673534909
-316254335
571766528
-768065828
-814377426
-512068353
-878368346
550527243
-523815408
57584144
372403985
-560574717
-168565815
171378603
-783561472
205020499
-304497043
-20868717
826776488
738290253
516404619
449739629
-210606654
-420679243
913089675
783342979
989001660
-578785018
381256241
-333202668
942338063
-718633381
148883006
-649931691
130466480
507827201
-842709195
368336392
162349472
-816033130
5829179
-678930248
-508699490
817126365
910679831
866378126
-582096387
677017299
109603472
-39020476
-374808680
20761091
936958657
-186022300
-827703852
-629363682
486594521
445515181
-568450171
-985749576
934912223
-516652025
883230529
727719472
481603525
-438850955
252558378
847333748
-728325556
767577894
648102516
-79457948
-632603690
-593850206
-665807538
-469759400
-495485737
-230063397
-380759295
379005038
43900609
355565619
910878096
586284212
-206855102
846919077
-149715646
741257545
-382942532
-832858753
474868434
740747491
936024885
792158857
-109437542
594357725
739796632
-282198562
-139489966
-408155326
539546305
-563036536
97944817
13118790
892081913
-55941831
525430907
20537676
-889162496
-693163058
-979195672
223800093
521440622
476536893
302339918
792499685
-119880569
-380773508
759065548
653502089
-935065099
-254545368
-259832157
-852079616
-24799255
-577481607
-563690284
-579684123
-781206727
164767790
-636320890
-222133021
-511509698
-743114851
224587679
-122089834
833656452
-319084063
-269161131
-24714552
-602667802
-580176530
548992470
-104997918
228494969
-657948928
-326096333
300444554
-16699002
763420945
251095788
92581409
-921831324
752360980
-992596480
-232230550
619538367
187100705
449268930
81028277
-923571374
-257587168
275247709
192282529
193993149
299419860
608490290
200849583
-634841612
-169072315
376870111
305075220
-317187501
273461761
830864623
602931038
-282636567
943725673
-807548562
-307824155
543223297
-463872660
-81620600
679547489
564160332
328653419
-841361984
144370581
-428192852
892095036
780114377
778377770
-316906421
126190085
725044630
797979206
921411546
-231993705
-220211653
-881727727
58418536
-363450841
302267020
782508042
-415550416
-251592142
75541866
623005370
-928031288
-577941750
-759212147
704508348
81566186
-114970255
106792477
69375196
-644230064
182735822
344191073
-123639318
-398956914
-668900319
364089607
-497552630
197286849
-105553873
-623156854
505268937
-350167799
-475495711
-346890409
-963125232
-643324005
594122861
-478050094
-664416555
-884854744
589289548
457173038
-508129972
193479184
-309206843
272252144
-324053219
475315704
-814762798
228554728
-546132508
75505487
932845978
-949165643
-232932888
-831709555
39856122
-462124991
18814565
374625388
765631944
289416154
832551324
-670616169
262914357
-358681615
196152324
998170352
468872557
210763934
719264894
-447719785
611398829
255336550
-562907918
-175635744
-128615143
-989947163
-366173228
-264210667
-287078301
-98791964
487230543
38501445
-838426784
68212283
-1093995
276358343
-342983043
-457909305
-741258768
232105593
142397407
-505091463
486962535
-772597978
871492891
-474932983
836914433
-87965041
-525702706
309498329
-166869682
976047707
336562208
154544725
-463760608
-45427457
-239044359
12366245
-752584643
-51477101
245574692
-181265571
-223319523
587655069
-993341558
488706543
774841617
-939783022
590153136
-223637631
-799662356
-842104796
-194850994
576686308
-90179595
716256810
-715910314
545753278
814166302
552350485
-959067891
101264828
-48329681
-260020632
-639581768
-196597028
869334173
620590958
315173322
-728410520
710050030
-538644345
563561985
-590148646
285241422
-695736194
-213108271
-485370208
243740355
255589141
29433121
-761020768
935549701
12644295
228481454
606233788
-551269264
691820291
41930897
677819030
-179082111
-560476558
369791901
-549979116
-670284814
47158732
103541086
426773620
-920732811
766222055
-124608480
-435141841
-942843034
-36384591
-537416295
-970798845
895522227
-369091548
-564074386
895022580
104961915
330926291
797753249
13266047
-773863082
764825710
-925451024
-548047384
-29242821
85323876
20681418
-832597584
-671420654
100103075
-674902033
-713930205
-712707881
-191211909
-337382749
496992269
-854715545
-69826912
809121166
-136740980
407285483
783098190
823005235
715018241
524133854
929804679
-250673909
-392507104
-796266052
-294268808
429913917
375478055
980947017
-821745159
410903037
-971466708
770574131
-816551042
-690293244
-302603939
-669094507
-712342386
-857598336
-927883617
-222810644
100668662
-632743112
778739679
260513015
258420881
392609785
18000374
-361601263
865989652
518392529
175966464
-307951829
-290939366
733415140
-985724216
378264596
919673524
-916121538
-918764171
-84759645
169523334
-409502112
-204344004
-659359313
701798493
297151704
251163169
261535068
349060493
568287476
-233394341
-52112977
-112143705
360958322
-559771636
-938527658
282432439
-805824394
139720523
35866208
518029975
-877916469
992904251
256694677
513006867
727846444
27678979
181929713
461188387
692645086
284333654
111570868
-35808662
-993130322
-426009730
606687067
339596935
652700399
-128891946
-544244261
-981652535
-506923450
-43327027
-123790471
748840721
-521885687
258465865
-271654796
899461236
378579265
28426216
139623672
342837214
733172229
-652206775
-673390079
-759242785
726442091
-94789134
-494731042
-849590802
-639740339
523036590
-261216483
917901852
-850897615
302908713
-116625605
740974698
334267604
-180215317
190226859
142817619
-246487370
-688018096
539798150
-735501571
-826296395
363449764
-49471942
-165394362
-883152152
-698933997
-244211222
-203276231
234163062
203208911
912902937
888427992
696420402
612371982
448364834
-100868023
-428858658
-778348911
-773217333
761964606
-584034775
395700111
536265584
-950510079
119656241
-577511603
-843253133
700041929
703304145
272059469
-358947117
740906282
201771219
-806081804
-277827895
261038923
223850543
354966763
982284478
-655085455
-960769419
734550649
158034404
-994882370
512178785
758492432
633537128
917824534
504447236
965464628
553808687
605734907
-712609698
-274260594
475887919
-573945681
68697904
549855215
-572198486
-992514455
-831772972
848824213
424920561
771137222
-736358244
-673783856
144415349
921719619
-655717140
-91090276
274551945
-183523321
-589255227
-160140953
-898555650
-923564170
1753070
604162032
-338032034
-373965597
-179360576
488471371
917141697
386613346
-549097841
636868353
622499150
262417850
-223895120
-471389358
-104400775
225958956
-291553034
-392489472
624564188
-227524192
574898050
962450496
864374305
158672802
713578497
-712829642
-301378861
-485426120
687871221
657165422
698503256
-124547104
1612493
-166928898
-201713565
-921680717
645911785
962474971
334310622
-382516988
-495553266
959695213
962360630
-302336307
553802856
686165460
-789527995
-53721940
-897354027
170654208
-14138776
755112970
559951730
141863791
-312495588
-260632916
946889663
295741716
821338985
-779346066
532108371
-355605586
-355957770
-915535155
-851761111
796651842
-494291491
149820876
436701289
243695202
787165325
-619214419
458031905
369285123
780173962
-463058103
309134875
319165174
-172861499
338278393
440674943
-812463141
233558790
440936231
151148694
513322179
-647574395
805616241
-131979863
116945510
504113049
580503158
-930812408
-122631427
-155283064
520358078
3742589
679816016
-218515998
892092914
-493862505
81714240
675482848
414390452
-377810659
176690198
7292694
-564394936
351485904
252650540
26881635
409179669
-208700746
-217674151
205771840
-274878494
528797680
-229364965
-891984921
-808731674
-544537502
-785982217
242300494
838442719
705726106
-564182613
-6979115
212493927
704867369
-250203231
508002471
-863938312
222638287
207364250
498414411
872591940
-104589016
-69844786
120559058
213809698
92729423
-898244374
-249316536
119644178
-257180259
370151848
-865276346
306775406
-266546033
722630408
-134805339
-956121040
492028101
140742960
497636429
-614170534
909619239
935885021
-914004181
-744316410
-266527454
143632773
837454913
-809363958
-867788016
677384971
-182096937
790808246
579161374
637322447
262922895
738295014
-997890513
-773379818
-994044112
-46491323
752510989
748054049
-689791193
-34517986
438807305
686611912
72208022
-843990724
201138057
850731110
216549234
-462584535
-922764350
-618708192
863108274
-506506325
630675912
-54964901
246345605
171789970
-984900573
-518289461
-55178805
506589223
-547880242
-733742841
399469060
-345827786
365098116
821799991
20686653
56977929
281951612
769869234
997353764
120937273
472416430
400629253
60827319
-357995489
-210487453
-970137121
860567722
-907476803
440302648
394747170
35617805
-727750947
-251054693
-407836716
-438163096
164459465
-670130274
-496446806
-32806569
571450976
933506177
-608047583
-208473910
-106027020
739735127
-33202313
379781302
402462225
-371167972
238626759
-622058238
283041747
394222174
-435704380
475528088
338551078
-780912271
97395558
-582125778
-810798875
-163568296
-115358765
-476054996
-449952629
-56826930
241194921
-715432162
180927714
575667357
800892407
-204203402
279376251
-470390985
-648576926
-191163168
-870150926
-550031229
363355672
510224081
397317882
-356383184
447984366
243164599
-829780259
-650504239
507081387
-787148710
863569897
830757924
-243222840
964683441
199894416
-564804154
800525534
505604346
182009038
840627756
-850837417
32408137
190825380
-149256420
-680806211
524269319
-35372597
-221304687
-404349202
-921288626
-604086798
-751137480
182933288
-553065902
584770779
960298983
-283917828
-859275409
442359972
-808020290
136927841
295506378
-497049056
-404079143
-869899548
261117351
621657700
-14388305
532182013
-852718009
-305716642
178991370
-737878659
-958759266
-925231453
448294180
-57682485
276852025
-265971111
349949008
848402235
744412098
-705589746
-162871601
845502144
-386325639
575863326
-301994795
27583551
533281152
-218438275
-137682423
661869374
695648584
-947436180
-39793734
-255028694
434051851
-439292200
513306671
-374674365
930998386
-485705445
-302874584
795246934
421917599
-46404817
801723643
-629099869
-56110579
191300810
-58501072
-100839889
215930316
-399233545
682429356
-541174681
970031752
-420651452
-40574388
-255399172
455082967
-263321481
47453119
-18053418
992630345
384952237
951161833
24228310
58337911
-333442654
914590126
-353927984
949946484
225868353
68963502
-748038362
-91490206
-187308597
-947241681
-811891198
-478813664
-81620065
684324889
739775791
-894241247
-953644117
-264206054
-472007787
-138995600
-783590167
-24498609
437114280
557520215
-961778779
956334947
-789442243
385719770
-606111975
-440130890
527574880
103936716
-62640707
897229706
585602122
264465472
-747379857
-712336897
-920377717
-931483625
786146301
-296379546
-809794398
506194899
66420113
-936367771
-30747012
-984245878
753649591
-135140034
290933898
-494563059
937370921
563068541
-247476824
-255591034
-912767523
-66021540
906690394
340455982
402786003
-179007128
800033488
701241377
225652815
148067099
445691961
-441983492
-647173006
180170174
-422678363
-472541156
655674598
-510985381
992222259
-163625487
-377582240
-57566931
-858078527
-805572275
407482065
-264175003
856901986
-203753986
-305576253
-415286854
-442156650
-717244927
386922267
-579118918
367696126
823127947
626537128
-43955871
-423335491
907231249
62055428
723904768
-944467798
491407093
-177922219
312424249
637379889
-768605859
869459647
-831966426
223978695
-969158368
305236842
-12572518
799941639
-324026150
-501557973
-788312193
-860604562
262518559
339917521
-646713937
-427332916
-425454321
835311870
-816392780
868747897
303388161
49768483
152218163
-386684662
855437148
556195704
409263336
-870866587
-999444169
370815111
-198616204
289948478
82709360
719970788
643991506
-105170163
489798588
-727112342
988675698
213075745
700191311
-790245219
-780049420
-730797105
-380004572
-970180305
-238807934
-207292222
-968721942
804591518
579743434
429707638
992204427
308523514
-215804777
430803648
-421234599
52211908
-29025525
744624005
-228956713
492969970
752993403
-272523637
485564194
916930064
-730759705
-758705300
-988473093
504814464
161184276
66489510
632790641
702407752
990257360
738648879
164760462
411321506
451376360
36221024
247388990
-809922541
927671751
167949882
392901577
731971069
-736880971
75639854
-870984694
-357016218
-985671911
-821753429
-388805921
-839367719
740409737
-558760115
265424857
-504949632
867109401
435902657
821123331
-380883987
775674822
-204478094
874907583
-647457560
-88051609
135830754
28700322
-327104961
-992760539
-685437822
-114794652
898489007
-356712188
477052021
-49556103
212177006
-873373169
-738254227
-35819443
617705445
-360008924
297506593
994863996
-676103079
-777814207
-779566979
788621965
-663388150
-319197935
-281479343
-451260038
-998746495
-1608848
-338405460
-879347494
-744105408
-1942248
-27875890
-855847187
